{"producer":{"name":"Blender","version":"2.83.0","exporter_version":"6.4.1","file":"boyb.babylon"},
"autoClear":true,"clearColor":[0.0509,0.0509,0.0509],"gravity":[0,-9.81,0],
"materials":[{"name":"Baked","id":"Baked","customType":"BABYLON.PBRMaterial","backFaceCulling":true,"checkReadyOnlyOnce":false,"maxSimultaneousLights":4,"environmentIntensity":1,"roughness":0.4667,"alpha":1,"transparencyMode":0,"alphaCutOff":0.4,"metallic":0, 
"albedoTexture":{"name":"z2_Color_s.jpg","level":1,"hasAlpha":false,"coordinatesMode":0,"uOffset":0,"vOffset":0,"uScale":1,"vScale":1,"uAng":0,"vAng":0,"wAng":0,"wrapU":1,"wrapV":1,"coordinatesIndex":0},"useAlphaFromAlbedoTexture":false, 
"reflectivityTexture":{"name":"z2_spec_color_s.jpg","level":1,"hasAlpha":false,"coordinatesMode":0,"uOffset":0,"vOffset":0,"uScale":1,"vScale":1,"uAng":0,"vAng":0,"wAng":0,"wrapU":1,"wrapV":1,"coordinatesIndex":0}, 
"bumpTexture":{"name":"z2_Bump_s.jpg","level":1,"hasAlpha":false,"coordinatesMode":0,"uOffset":0,"vOffset":0,"uScale":1,"vScale":1,"uAng":0,"vAng":0,"wAng":0,"wrapU":1,"wrapV":1,"coordinatesIndex":0}}],
"multiMaterials":[],
"skeletons":[{"name":"RIG","id":0,"dimensionsAtRest":[0.651,1.7372,0.6161],"bones":[
{"name":"root","index":0,"matrix":[1,0,0,0,0,1,0,0,0,0,-1,0,0,0.8848,0,1],"rest":[1,0,0,0,0,1,0,0,0,0,-1,0,0,0.8848,0,1],"parentBoneIndex":-1,"length":0.3098
,"animation":{"dataType":3,"framePerSecond":24,"keys":[
{"frame":0,"values":[1,0,0,0,0,1,0,0,0,0,-1,0,0,0.8848,0,1]},
{"frame":1,"values":[1,0,0,0,0,1,0,0,0,0,-1,0,0,0.8848,0,1]}],"loopBehavior":1,"name":"anim","property":"_matrix"}},
{"name":"trunk","index":1,"matrix":[1,0,0,0,0,1,0,0,0,0,1,0,0,0.3098,0,1],"rest":[1,0,0,0,0,1,0,0,0,0,1,0,0,0.3098,0,1],"parentBoneIndex":0,"length":0.5006
,"animation":{"dataType":3,"framePerSecond":24,"keys":[
{"frame":0,"values":[1,0,0,0,0,1,0,0,0,0,1,0,0,0.3098,0,1]},
{"frame":1,"values":[1,0,0,0,0,1,0,0,0,0,1,0,0,0.3098,0,1]}],"loopBehavior":1,"name":"anim","property":"_matrix"}},
{"name":"upperArm.L","index":2,"matrix":[0.6819,0.6866,0.2523,0,0.3572,-0.6136,0.7042,0,0.6383,-0.39,-0.6637,0,0.2588,0.267,0.1115,1],"rest":[0.6819,0.6866,0.2523,0,0.3572,-0.6136,0.7042,0,0.6383,-0.39,-0.6637,0,0.2588,0.267,0.1115,1],"parentBoneIndex":1,"length":0.1867
,"animation":{"dataType":3,"framePerSecond":24,"keys":[
{"frame":0,"values":[0.6819,0.6866,0.2523,0,0.3572,-0.6136,0.7042,0,0.6383,-0.39,-0.6637,0,0.2588,0.267,0.1115,1]},
{"frame":1,"values":[0.6819,0.6866,0.2523,0,0.3572,-0.6136,0.7042,0,0.6383,-0.39,-0.6637,0,0.2588,0.267,0.1115,1]}],"loopBehavior":1,"name":"anim","property":"_matrix"}},
{"name":"lowerArm.L","index":3,"matrix":[0.1963,0.4868,0.8512,0,-0.3102,0.8543,-0.417,0,-0.9302,-0.1822,0.3187,0,0,0.1867,0,1],"rest":[0.1963,0.4868,0.8512,0,-0.3102,0.8543,-0.417,0,-0.9302,-0.1822,0.3187,0,0,0.1867,0,1],"parentBoneIndex":2,"length":0.2842
,"animation":{"dataType":3,"framePerSecond":24,"keys":[
{"frame":0,"values":[0.1963,0.4868,0.8512,0,-0.3102,0.8543,-0.417,0,-0.9302,-0.1822,0.3187,0,0,0.1867,0,1]},
{"frame":1,"values":[0.1963,0.4868,0.8512,0,-0.3102,0.8543,-0.417,0,-0.9302,-0.1822,0.3187,0,0,0.1867,0,1]}],"loopBehavior":1,"name":"anim","property":"_matrix"}},
{"name":"hand.L","index":4,"matrix":[0.923,-0.138,-0.3592,0,0.191,0.9747,0.1162,0,0.3341,-0.1758,0.926,0,0,0.2842,0,1],"rest":[0.923,-0.138,-0.3592,0,0.191,0.9747,0.1162,0,0.3341,-0.1758,0.926,0,0,0.2842,0,1],"parentBoneIndex":3,"length":0.2143
,"animation":{"dataType":3,"framePerSecond":24,"keys":[
{"frame":0,"values":[0.923,-0.138,-0.3592,0,0.191,0.9747,0.1162,0,0.3341,-0.1758,0.926,0,0,0.2842,0,1]},
{"frame":1,"values":[0.923,-0.138,-0.3592,0,0.191,0.9747,0.1162,0,0.3341,-0.1758,0.926,0,0,0.2842,0,1]}],"loopBehavior":1,"name":"anim","property":"_matrix"}},
{"name":"upperArm.R","index":5,"matrix":[0.6819,-0.6866,-0.2523,0,-0.3572,-0.6136,0.7042,0,-0.6383,-0.39,-0.6637,0,-0.2588,0.267,0.1115,1],"rest":[0.6819,-0.6866,-0.2523,0,-0.3572,-0.6136,0.7042,0,-0.6383,-0.39,-0.6637,0,-0.2588,0.267,0.1115,1],"parentBoneIndex":1,"length":0.1867
,"animation":{"dataType":3,"framePerSecond":24,"keys":[
{"frame":0,"values":[0.6819,-0.6866,-0.2523,0,-0.3572,-0.6136,0.7042,0,-0.6383,-0.39,-0.6637,0,-0.2588,0.267,0.1115,1]},
{"frame":1,"values":[0.6819,-0.6866,-0.2523,0,-0.3572,-0.6136,0.7042,0,-0.6383,-0.39,-0.6637,0,-0.2588,0.267,0.1115,1]}],"loopBehavior":1,"name":"anim","property":"_matrix"}},
{"name":"lowerArm.R","index":6,"matrix":[0.1963,-0.4868,-0.8512,0,0.3102,0.8543,-0.417,0,0.9302,-0.1822,0.3187,0,0,0.1867,0,1],"rest":[0.1963,-0.4868,-0.8512,0,0.3102,0.8543,-0.417,0,0.9302,-0.1822,0.3187,0,0,0.1867,0,1],"parentBoneIndex":5,"length":0.2842
,"animation":{"dataType":3,"framePerSecond":24,"keys":[
{"frame":0,"values":[0.1963,-0.4868,-0.8512,0,0.3102,0.8543,-0.417,0,0.9302,-0.1822,0.3187,0,0,0.1867,0,1]},
{"frame":1,"values":[0.1963,-0.4868,-0.8512,0,0.3102,0.8543,-0.417,0,0.9302,-0.1822,0.3187,0,0,0.1867,0,1]}],"loopBehavior":1,"name":"anim","property":"_matrix"}},
{"name":"hand.R","index":7,"matrix":[0.923,0.138,0.3592,0,-0.191,0.9747,0.1162,0,-0.3341,-0.1758,0.926,0,0,0.2842,0,1],"rest":[0.923,0.138,0.3592,0,-0.191,0.9747,0.1162,0,-0.3341,-0.1758,0.926,0,0,0.2842,0,1],"parentBoneIndex":6,"length":0.2143
,"animation":{"dataType":3,"framePerSecond":24,"keys":[
{"frame":0,"values":[0.923,0.138,0.3592,0,-0.191,0.9747,0.1162,0,-0.3341,-0.1758,0.926,0,0,0.2842,0,1]},
{"frame":1,"values":[0.923,0.138,0.3592,0,-0.191,0.9747,0.1162,0,-0.3341,-0.1758,0.926,0,0,0.2842,0,1]}],"loopBehavior":1,"name":"anim","property":"_matrix"}},
{"name":"upperLeg.L","index":8,"matrix":[0.9901,0.0991,0.0995,0,0.0995,-0.995,0,0,0.099,0.0099,-0.995,0,0.1289,0.1218,0,1],"rest":[0.9901,0.0991,0.0995,0,0.0995,-0.995,0,0,0.099,0.0099,-0.995,0,0.1289,0.1218,0,1],"parentBoneIndex":0,"length":0.4651
,"animation":{"dataType":3,"framePerSecond":24,"keys":[
{"frame":0,"values":[0.9901,0.0991,0.0995,0,0.0995,-0.995,0,0,0.099,0.0099,-0.995,0,0.1289,0.1218,0,1]},
{"frame":1,"values":[0.9901,0.0991,0.0995,0,0.0995,-0.995,0,0,0.099,0.0099,-0.995,0,0.1289,0.1218,0,1]}],"loopBehavior":1,"name":"anim","property":"_matrix"}},
{"name":"lowerLeg.L","index":9,"matrix":[0.9997,0.0162,0.0162,0,-0.0161,0.9999,-0.0016,0,-0.0162,0.0014,0.9999,0,0,0.4651,0,1],"rest":[0.9997,0.0162,0.0162,0,-0.0161,0.9999,-0.0016,0,-0.0162,0.0014,0.9999,0,0,0.4651,0,1],"parentBoneIndex":8,"length":0.4468
,"animation":{"dataType":3,"framePerSecond":24,"keys":[
{"frame":0,"values":[0.9997,0.0162,0.0162,0,-0.0161,0.9999,-0.0016,0,-0.0162,0.0014,0.9999,0,0,0.4651,0,1]},
{"frame":1,"values":[0.9997,0.0162,0.0162,0,-0.0161,0.9999,-0.0016,0,-0.0162,0.0014,0.9999,0,0,0.4651,0,1]}],"loopBehavior":1,"name":"anim","property":"_matrix"}},
{"name":"upperFoot.L","index":10,"matrix":[0.9923,0.09,0.0846,0,0.0348,0.454,-0.8903,0,-0.1186,0.8864,0.4474,0,0,0.4468,0,1],"rest":[0.9923,0.09,0.0846,0,0.0348,0.454,-0.8903,0,-0.1186,0.8864,0.4474,0,0,0.4468,0,1],"parentBoneIndex":9,"length":0.1208
,"animation":{"dataType":3,"framePerSecond":24,"keys":[
{"frame":0,"values":[0.9923,0.09,0.0846,0,0.0348,0.454,-0.8903,0,-0.1186,0.8864,0.4474,0,0,0.4468,0,1]},
{"frame":1,"values":[0.9923,0.09,0.0846,0,0.0348,0.454,-0.8903,0,-0.1186,0.8864,0.4474,0,0,0.4468,0,1]}],"loopBehavior":1,"name":"anim","property":"_matrix"}},
{"name":"lowerFoot.L","index":11,"matrix":[-1,0.0016,0.0066,0,-0.0016,0.8901,-0.4558,0,-0.0066,-0.4558,-0.8901,0,0,0.1208,0,1],"rest":[-1,0.0016,0.0066,0,-0.0016,0.8901,-0.4558,0,-0.0066,-0.4558,-0.8901,0,0,0.1208,0,1],"parentBoneIndex":10,"length":0.0604
,"animation":{"dataType":3,"framePerSecond":24,"keys":[
{"frame":0,"values":[-1,0.0016,0.0066,0,-0.0016,0.8901,-0.4558,0,-0.0066,-0.4558,-0.8901,0,0,0.1208,0,1]},
{"frame":1,"values":[-1,0.0016,0.0066,0,-0.0016,0.8901,-0.4558,0,-0.0066,-0.4558,-0.8901,0,0,0.1208,0,1]}],"loopBehavior":1,"name":"anim","property":"_matrix"}},
{"name":"upperLeg.R","index":12,"matrix":[0.9901,-0.0991,-0.0995,0,-0.0995,-0.995,0,0,-0.099,0.0099,-0.995,0,-0.1289,0.1218,0,1],"rest":[0.9901,-0.0991,-0.0995,0,-0.0995,-0.995,0,0,-0.099,0.0099,-0.995,0,-0.1289,0.1218,0,1],"parentBoneIndex":0,"length":0.4651
,"animation":{"dataType":3,"framePerSecond":24,"keys":[
{"frame":0,"values":[0.9901,-0.0991,-0.0995,0,-0.0995,-0.995,0,0,-0.099,0.0099,-0.995,0,-0.1289,0.1218,0,1]},
{"frame":1,"values":[0.9901,-0.0991,-0.0995,0,-0.0995,-0.995,0,0,-0.099,0.0099,-0.995,0,-0.1289,0.1218,0,1]}],"loopBehavior":1,"name":"anim","property":"_matrix"}},
{"name":"lowerLeg.R","index":13,"matrix":[0.9997,-0.0162,-0.0162,0,0.0161,0.9999,-0.0016,0,0.0162,0.0014,0.9999,0,0,0.4651,0,1],"rest":[0.9997,-0.0162,-0.0162,0,0.0161,0.9999,-0.0016,0,0.0162,0.0014,0.9999,0,0,0.4651,0,1],"parentBoneIndex":12,"length":0.4468
,"animation":{"dataType":3,"framePerSecond":24,"keys":[
{"frame":0,"values":[0.9997,-0.0162,-0.0162,0,0.0161,0.9999,-0.0016,0,0.0162,0.0014,0.9999,0,0,0.4651,0,1]},
{"frame":1,"values":[0.9997,-0.0162,-0.0162,0,0.0161,0.9999,-0.0016,0,0.0162,0.0014,0.9999,0,0,0.4651,0,1]}],"loopBehavior":1,"name":"anim","property":"_matrix"}},
{"name":"upperFoot.R","index":14,"matrix":[0.9923,-0.09,-0.0846,0,-0.0348,0.454,-0.8903,0,0.1186,0.8864,0.4474,0,0,0.4468,0,1],"rest":[0.9923,-0.09,-0.0846,0,-0.0348,0.454,-0.8903,0,0.1186,0.8864,0.4474,0,0,0.4468,0,1],"parentBoneIndex":13,"length":0.1208
,"animation":{"dataType":3,"framePerSecond":24,"keys":[
{"frame":0,"values":[0.9923,-0.09,-0.0846,0,-0.0348,0.454,-0.8903,0,0.1186,0.8864,0.4474,0,0,0.4468,0,1]},
{"frame":1,"values":[0.9923,-0.09,-0.0846,0,-0.0348,0.454,-0.8903,0,0.1186,0.8864,0.4474,0,0,0.4468,0,1]}],"loopBehavior":1,"name":"anim","property":"_matrix"}},
{"name":"lowerFoot.R","index":15,"matrix":[-1,-0.0016,-0.0066,0,0.0016,0.8901,-0.4558,0,0.0066,-0.4558,-0.8901,0,0,0.1208,0,1],"rest":[-1,-0.0016,-0.0066,0,0.0016,0.8901,-0.4558,0,0.0066,-0.4558,-0.8901,0,0,0.1208,0,1],"parentBoneIndex":14,"length":0.0604
,"animation":{"dataType":3,"framePerSecond":24,"keys":[
{"frame":0,"values":[-1,-0.0016,-0.0066,0,0.0016,0.8901,-0.4558,0,0.0066,-0.4558,-0.8901,0,0,0.1208,0,1]},
{"frame":1,"values":[-1,-0.0016,-0.0066,0,0.0016,0.8901,-0.4558,0,0.0066,-0.4558,-0.8901,0,0,0.1208,0,1]}],"loopBehavior":1,"name":"anim","property":"_matrix"}},
{"name":"head","index":16,"matrix":[0.9997,-0.0219,-0.0094,0,0.0174,0.4016,0.9156,0,-0.0163,-0.9155,0.4019,0,0,0.5006,0,1],"rest":[0.9997,-0.0219,-0.0094,0,0.0174,0.4016,0.9156,0,-0.0163,-0.9155,0.4019,0,0,0.5006,0,1],"parentBoneIndex":1,"length":0.2128
,"animation":{"dataType":3,"framePerSecond":24,"keys":[
{"frame":0,"values":[0.9997,-0.0219,-0.0094,0,0.0174,0.4016,0.9156,0,-0.0163,-0.9155,0.4019,0,0,0.5006,0,1]},
{"frame":1,"values":[0.9997,-0.0219,-0.0094,0,0.0174,0.4016,0.9156,0,-0.0163,-0.9155,0.4019,0,0,0.5006,0,1]}],"loopBehavior":1,"name":"anim","property":"_matrix"}}]
,"ranges":[{"name":" ","from":0,"to":1}]}],
"meshes":[{"name":"Z2","id":"Z2","materialId":"Baked","billboardMode":0,"position":[0,0,0],"rotation":[0,0,0],"scaling":[1,1,1],"isVisible":true,"freezeWorldMatrix":false,"isEnabled":true,"checkCollisions":false,"receiveShadows":false,"pickable":true,"tags":"","skeletonId":0,"numBoneInfluencers":6
,"positions":[-0.1233,1.8331,-0.0392,-0.1507,1.8084,-0.0769,-0.1233,1.8437,-0.0705,-0.1507,1.801,-0.0549,-0.1679,1.7674,-0.0845,-0.1679,1.7583,-0.0624,-0.1679,1.7635,-0.073,-0.1507,1.7958,-0.0442,-0.1233,1.8274,-0.0274,-0.1233,1.8279,-0.0286,-0.1507,1.7952,-0.043,-0.1738,1.7234,-0.0926,-0.1738,1.7176,-0.0807,-0.1738,1.7182,-0.0819,-0.1678,1.6832,-0.1121,-0.1678,1.6774,-0.1002,-0.1678,1.678,-0.1014
,-0.1506,1.6458,-0.1303,-0.1506,1.64,-0.1184,-0.1506,1.6406,-0.1196,-0.1231,1.6136,-0.1459,-0.1231,1.6079,-0.134,-0.1231,1.6085,-0.1352,-0.0874,1.5838,-0.1472,-0.0874,1.589,-0.1578,-0.0874,1.5832,-0.146,-0.0458,1.5735,-0.1654,-0.0458,1.5678,-0.1535,-0.0458,1.5683,-0.1547,-0.0011,1.5683,-0.1679,-0.0011,1.5625,-0.1561,-0.0011,1.5631,-0.1573,0.0436,1.5684,-0.1547,0.0435,1.5736,-0.1654
,0.0852,1.5839,-0.1472,0.0851,1.5891,-0.1578,0.0436,1.5678,-0.1535,0.1209,1.6086,-0.1352,0.1209,1.6138,-0.1459,0.0852,1.5834,-0.146,0.1483,1.646,-0.1302,0.1483,1.6402,-0.1184,0.1483,1.6408,-0.1196,0.1655,1.6834,-0.1121,0.1655,1.6777,-0.1002,0.1655,1.6782,-0.1014,0.1713,1.7236,-0.0926,0.1713,1.7178,-0.0807,0.1713,1.7184,-0.0819,0.1655,1.6777,-0.1002,0.1707,1.7178,-0.0807
,0.1713,1.7178,-0.0807,0.1483,1.6402,-0.1184,0.1649,1.6778,-0.1001,0.1655,1.6777,-0.1002,0.1632,1.6782,-0.0999,0.1462,1.6413,-0.1179,0.1477,1.6405,-0.1183,0.1192,1.6096,-0.1333,0.1204,1.6084,-0.1338,0.1483,1.6402,-0.1184,0.1209,1.6081,-0.134,0.1457,1.6416,-0.1177,0.1626,1.6784,-0.0999,0.1187,1.61,-0.1331,0.1457,1.6421,-0.1189,0.1626,1.6789,-0.101,0.1683,1.7178,-0.0807
,0.1689,1.7178,-0.0807,0.1683,1.7184,-0.0819,0.1683,1.7235,-0.0924,0.1457,1.6473,-0.1295,0.1626,1.6906,-0.1217,0.1626,1.6994,-0.1296,0.1457,1.6599,-0.1488,0.1626,1.7097,-0.135,0.1625,1.7211,-0.1376,0.1625,1.7326,-0.137,0.1625,1.7435,-0.1335,0.1625,1.753,-0.1271,0.1625,1.7605,-0.1184,0.1625,1.7656,-0.1079,0.1625,1.7677,-0.0964,0.1625,1.7669,-0.0846,0.1625,1.763,-0.0733
,0.1625,1.7579,-0.0627,0.1456,1.7998,-0.0554,0.1456,1.7946,-0.0448,0.1625,1.7573,-0.0615,0.1456,1.7941,-0.0436,0.1186,1.8262,-0.0295,0.1186,1.8256,-0.0283,0.1186,1.8313,-0.04,0.0835,1.8498,-0.0165,0.0835,1.8555,-0.0282,0.0835,1.8504,-0.0177,0.0426,1.8656,-0.0103,0.0426,1.865,-0.0091,0.0426,1.8707,-0.0208,-0.0013,1.8708,-0.0078,-0.0013,1.8702,-0.0066,-0.0013,1.8759,-0.0183
,-0.0452,1.865,-0.0091,-0.0452,1.8655,-0.0103,-0.0861,1.8503,-0.0177,-0.0861,1.8497,-0.0165,-0.0452,1.8707,-0.0208,-0.1212,1.826,-0.0295,-0.1212,1.8255,-0.0283,-0.0861,1.8554,-0.0282,-0.1481,1.7939,-0.0436,-0.1212,1.8312,-0.04,-0.1481,1.7944,-0.0448,-0.165,1.7571,-0.0615,-0.1481,1.7996,-0.0554,-0.165,1.7576,-0.0627,-0.1708,1.7182,-0.0819,-0.1708,1.7176,-0.0807,-0.1708,1.7233,-0.0924
,-0.1649,1.6781,-0.0999,-0.1649,1.6787,-0.101,-0.148,1.6414,-0.1177,-0.148,1.6471,-0.1295,-0.148,1.6419,-0.1189,-0.121,1.6098,-0.1331,-0.121,1.6155,-0.1448,-0.121,1.6104,-0.1342,-0.0859,1.5862,-0.146,-0.0859,1.5856,-0.1448,-0.0859,1.5913,-0.1566,-0.045,1.5709,-0.1534,-0.045,1.5704,-0.1522,-0.045,1.5761,-0.164,-0.0011,1.5658,-0.1559,-0.0011,1.5652,-0.1548,-0.0011,1.5709,-0.1665
,0.0428,1.571,-0.1534,0.0428,1.5704,-0.1522,0.0837,1.5863,-0.146,0.0837,1.5857,-0.1448,0.0428,1.5761,-0.164,0.0837,1.5914,-0.1566,0.1187,1.6105,-0.1342,0.1187,1.6157,-0.1448,0.1187,1.6335,-0.1721,0.0836,1.6132,-0.19,0.1456,1.6767,-0.1642,0.1187,1.6573,-0.1938,0.0836,1.6424,-0.2166,0.1456,1.6968,-0.1746,0.1187,1.6857,-0.2086,0.1456,1.7187,-0.1795,0.1186,1.7167,-0.2156
,0.0836,1.6772,-0.2347,0.0835,1.7151,-0.2432,0.0427,1.6718,-0.2511,0.0427,1.7141,-0.2605,0.0427,1.6331,-0.2309,0.0428,1.6004,-0.2012,-0.0011,1.6298,-0.2358,-0.0012,1.67,-0.2567,-0.0011,1.5961,-0.205,-0.045,1.633,-0.2309,-0.045,1.6004,-0.2012,-0.0859,1.6423,-0.2166,-0.0859,1.6131,-0.19,-0.121,1.6572,-0.1938,-0.121,1.6333,-0.1721,-0.148,1.6765,-0.1642,-0.148,1.6597,-0.1488
,-0.165,1.6991,-0.1296,-0.165,1.6904,-0.1217,-0.165,1.6839,-0.1117,-0.165,1.7095,-0.135,-0.148,1.6966,-0.1746,-0.165,1.7208,-0.1376,-0.148,1.7185,-0.1795,-0.165,1.7324,-0.137,-0.148,1.7407,-0.1785,-0.165,1.7432,-0.1335,-0.148,1.7618,-0.1716,-0.1481,1.7802,-0.1593,-0.165,1.7528,-0.1271,-0.1481,1.7948,-0.1425,-0.165,1.7603,-0.1184,-0.1481,1.8044,-0.1223,-0.165,1.7653,-0.1079
,-0.1481,1.8086,-0.1,-0.165,1.7675,-0.0964,-0.1481,1.807,-0.0772,-0.165,1.7666,-0.0846,-0.165,1.7628,-0.0733,-0.1212,1.8416,-0.0709,-0.0861,1.8682,-0.066,-0.1212,1.8439,-0.1031,-0.0452,1.8849,-0.063,-0.0861,1.871,-0.1055,-0.0013,1.8907,-0.0619,-0.0452,1.8881,-0.1069,0.0425,1.885,-0.063,0.0425,1.8881,-0.1069,0.0834,1.8683,-0.066,0.0834,1.8712,-0.1055,0.1186,1.8418,-0.0709
,0.1186,1.8441,-0.1031,0.1455,1.8072,-0.0772,0.1455,1.8088,-0.1,0.1455,1.8047,-0.1223,0.1455,1.795,-0.1425,0.1186,1.8382,-0.1346,0.1455,1.7804,-0.1593,0.1186,1.8245,-0.1632,0.1456,1.762,-0.1716,0.1186,1.8039,-0.187,0.1186,1.7481,-0.2141,0.1186,1.7779,-0.2043,0.1456,1.7409,-0.1785,0.0835,1.7536,-0.2414,0.0835,1.79,-0.2294,0.0426,1.757,-0.2585,0.0426,1.7977,-0.2452
,-0.0012,1.7582,-0.2644,-0.0013,1.8003,-0.2506,-0.0012,1.7138,-0.2665,-0.0451,1.757,-0.2585,-0.0451,1.7141,-0.2605,-0.045,1.6718,-0.2511,-0.086,1.715,-0.2432,-0.0859,1.6771,-0.2347,-0.1211,1.7165,-0.2156,-0.1211,1.6856,-0.2086,-0.1211,1.748,-0.2141,-0.086,1.7535,-0.2414,-0.1211,1.7777,-0.2043,-0.086,1.7899,-0.2294,-0.0451,1.7976,-0.2452,-0.0013,1.8371,-0.226,-0.0451,1.8332,-0.2215
,-0.086,1.8218,-0.2082,0.0426,1.8333,-0.2215,-0.0013,1.8662,-0.1924,0.0425,1.8614,-0.189,-0.0452,1.8613,-0.189,0.0834,1.8219,-0.2082,0.0834,1.8471,-0.179,0.0834,1.8639,-0.144,0.0425,1.8801,-0.1499,-0.0013,1.8939,-0.1075,-0.0013,1.8856,-0.152,-0.0452,1.88,-0.1499,-0.0861,1.8638,-0.144,-0.086,1.847,-0.179,-0.1211,1.8243,-0.1632,-0.1212,1.838,-0.1346,-0.1211,1.8038,-0.187
,0.084,1.5852,-0.1451,0.0429,1.5699,-0.1525,0.0434,1.5684,-0.1533,0.0849,1.5838,-0.1458,0.0436,1.5678,-0.1535,0.0852,1.5834,-0.146,0.0852,1.5834,-0.146,-0.0011,1.5647,-0.155,-0.0011,1.5631,-0.1558,-0.0011,1.5625,-0.1561,0.0436,1.5678,-0.1535,-0.0456,1.5683,-0.1533,-0.0011,1.5625,-0.1561,-0.0458,1.5678,-0.1535,-0.0451,1.5699,-0.1525,-0.0862,1.5851,-0.1451,-0.0871,1.5837,-0.1458
,-0.1214,1.6094,-0.1333,-0.1227,1.6083,-0.1338,-0.1231,1.6079,-0.134,-0.0874,1.5832,-0.146,-0.0458,1.5678,-0.1535,-0.0874,1.5832,-0.146,-0.1501,1.6403,-0.1183,-0.1506,1.64,-0.1184,-0.1231,1.6079,-0.134,-0.1655,1.678,-0.0999,-0.1673,1.6776,-0.1001,-0.1678,1.6774,-0.1002,-0.1506,1.64,-0.1184,-0.1485,1.6411,-0.1179,-0.1714,1.7176,-0.0807,-0.1732,1.7176,-0.0807,-0.1656,1.7572,-0.0614
,-0.1673,1.7576,-0.0612,-0.1679,1.7578,-0.0612,-0.1738,1.7176,-0.0807,-0.1738,1.7176,-0.0807,-0.1678,1.6774,-0.1002,-0.1486,1.7941,-0.0435,-0.1502,1.7949,-0.0431,-0.1507,1.7952,-0.043,-0.1216,1.8258,-0.0281,-0.1229,1.827,-0.0276,-0.1233,1.8274,-0.0274,-0.1507,1.7952,-0.043,-0.0864,1.8502,-0.0163,-0.0873,1.8516,-0.0156,-0.0454,1.8655,-0.0089,-0.0458,1.8671,-0.0081,-0.0876,1.852,-0.0154
,-0.046,1.8676,-0.0079,-0.1233,1.8274,-0.0274,-0.046,1.8682,-0.009,-0.0876,1.852,-0.0154,-0.0876,1.8526,-0.0166,-0.0876,1.852,-0.0154,-0.0876,1.8578,-0.0273,-0.046,1.8734,-0.0197,-0.0876,1.8707,-0.0655,-0.046,1.8878,-0.0624,-0.0013,1.8787,-0.0172,-0.0013,1.8936,-0.0613,-0.0013,1.8735,-0.0065,0.0433,1.8878,-0.0624,0.0433,1.8734,-0.0197,0.0433,1.8682,-0.009,-0.0013,1.8729,-0.0053
,-0.046,1.8676,-0.0079,0.0432,1.8671,-0.0081,-0.0013,1.8729,-0.0053,0.0433,1.8676,-0.0079,-0.0013,1.8724,-0.0055,-0.0013,1.8729,-0.0053,-0.0013,1.8707,-0.0063,0.0427,1.8656,-0.0089,0.0838,1.8503,-0.0163,0.0847,1.8517,-0.0156,0.119,1.826,-0.0281,0.1203,1.8272,-0.0276,0.1207,1.8275,-0.0274,0.085,1.8522,-0.0154,0.1207,1.8275,-0.0274,0.085,1.8527,-0.0166,0.1207,1.8281,-0.0286
,0.0433,1.8676,-0.0079,0.1207,1.8333,-0.0392,0.085,1.8579,-0.0273,0.1207,1.8439,-0.0705,0.0849,1.8709,-0.0655,0.1481,1.8086,-0.0769,0.1482,1.8012,-0.0549,0.1654,1.7676,-0.0845,0.1654,1.7638,-0.073,0.1654,1.7586,-0.0624,0.1654,1.758,-0.0612,0.1482,1.796,-0.0442,0.1482,1.7954,-0.043,0.1654,1.758,-0.0612,0.1476,1.7951,-0.0431,0.1482,1.7954,-0.043,0.1482,1.7954,-0.043
,0.1648,1.7579,-0.0612,0.1461,1.7943,-0.0435,0.1631,1.7574,-0.0614,0.1713,1.7178,-0.0807,0.1654,1.758,-0.0612,0.1654,1.7685,-0.0965,0.1655,1.69,-0.1222,0.1655,1.7095,-0.1358,0.1655,1.6989,-0.1303,0.1654,1.7327,-0.1378,0.1654,1.721,-0.1383,0.1654,1.7535,-0.1277,0.1654,1.7438,-0.1342,0.1654,1.7663,-0.1082,0.1654,1.7612,-0.1188,0.1481,1.8103,-0.1001,0.1481,1.8061,-0.1227
,0.1207,1.8462,-0.1032,0.1207,1.8402,-0.1352,0.1482,1.7962,-0.1433,0.1207,1.8263,-0.1643,0.1482,1.7814,-0.1604,0.1207,1.8053,-0.1885,0.1482,1.7626,-0.1729,0.1208,1.7485,-0.2161,0.1482,1.7412,-0.1799,0.1208,1.7165,-0.2176,0.1482,1.7186,-0.181,0.1208,1.685,-0.2106,0.1482,1.6963,-0.176,0.1208,1.6561,-0.1956,0.1482,1.6759,-0.1654,0.1209,1.6319,-0.1735,0.1483,1.6587,-0.1498
,0.0851,1.6112,-0.1917,0.0851,1.6409,-0.2187,0.0435,1.5982,-0.2031,0.0435,1.6314,-0.2333,-0.0011,1.5938,-0.207,-0.0458,1.6313,-0.2333,-0.0011,1.6281,-0.2382,-0.0458,1.5982,-0.2031,-0.0874,1.6408,-0.2187,-0.0874,1.6111,-0.1917,-0.1232,1.656,-0.1956,-0.1232,1.6317,-0.1735,-0.1506,1.6757,-0.1654,-0.1506,1.6585,-0.1498,-0.1679,1.6987,-0.1303,-0.1679,1.6898,-0.1222,-0.1679,1.7092,-0.1358
,-0.1679,1.7208,-0.1383,-0.1506,1.6961,-0.176,-0.1506,1.7184,-0.181,-0.1232,1.6848,-0.2106,-0.1232,1.7163,-0.2176,-0.0875,1.6762,-0.2372,-0.0875,1.7148,-0.2458,-0.0458,1.6708,-0.2538,-0.0459,1.7138,-0.2634,-0.0012,1.6689,-0.2595,-0.0012,1.7135,-0.2695,0.0434,1.7139,-0.2634,0.0435,1.6708,-0.2538,0.0851,1.7149,-0.2458,0.0851,1.6763,-0.2372,0.085,1.7541,-0.2439,0.1208,1.7788,-0.2062
,0.085,1.7912,-0.2318,0.0434,1.7576,-0.2614,0.0434,1.7989,-0.2478,-0.0012,1.7587,-0.2673,-0.0459,1.7989,-0.2478,-0.0013,1.8016,-0.2533,-0.0459,1.7575,-0.2614,-0.0875,1.791,-0.2318,-0.0875,1.7539,-0.2439,-0.1233,1.7786,-0.2062,-0.1232,1.7483,-0.2161,-0.1507,1.7624,-0.1729,-0.1507,1.741,-0.1799,-0.1679,1.7436,-0.1342,-0.1679,1.7325,-0.1378,-0.1679,1.7533,-0.1277,-0.1679,1.7609,-0.1188
,-0.1507,1.7812,-0.1604,-0.1507,1.796,-0.1433,-0.1233,1.8261,-0.1643,-0.1233,1.8051,-0.1885,-0.0876,1.8492,-0.1805,-0.0876,1.8235,-0.2101,-0.046,1.8637,-0.1906,-0.046,1.8351,-0.2237,-0.0013,1.8687,-0.1941,-0.0013,1.8391,-0.2283,0.0434,1.8352,-0.2237,0.0433,1.8638,-0.1906,0.085,1.8236,-0.2101,0.085,1.8493,-0.1805,0.085,1.8664,-0.1448,0.0433,1.8828,-0.1508,0.0849,1.8737,-0.1056
,0.0433,1.891,-0.1071,-0.0013,1.8969,-0.1076,-0.0013,1.8884,-0.1529,-0.046,1.8828,-0.1508,-0.046,1.891,-0.1071,-0.0876,1.8663,-0.1448,-0.0876,1.8736,-0.1056,-0.1233,1.84,-0.1352,-0.1233,1.846,-0.1032,-0.1507,1.8058,-0.1227,-0.1507,1.8101,-0.1001,-0.1679,1.7661,-0.1082,-0.1679,1.7682,-0.0965,0.0577,1.8694,-0.2403,0.0536,1.8405,-0.2896,0.0577,1.8405,-0.2896,0.0593,1.8384,-0.2872
,0.0588,1.8673,-0.2391,0.0535,1.8694,-0.2403,0.0577,1.8886,-0.1937,0.0535,1.8886,-0.1937,0.0587,1.8867,-0.193,0.0721,1.8415,-0.2242,0.0775,1.8089,-0.2548,0.0705,1.862,-0.1842,0.059,1.8971,-0.1447,0.0748,1.8722,-0.1416,0.0576,1.899,-0.145,0.0594,1.8982,-0.1217,0.0791,1.8704,-0.1036,0.0576,1.9001,-0.1233,0.0594,1.8985,-0.1171,0.0799,1.8701,-0.0961,0.0576,1.9003,-0.119
,0.0535,1.9003,-0.119,0.0535,1.9001,-0.1233,0.0552,1.8986,-0.1172,-0.0014,1.8996,-0.1183,-0.0014,1.9001,-0.1233,-0.0013,1.8915,-0.1122,0.0742,1.8711,-0.0971,-0.0579,1.8985,-0.1172,-0.0769,1.871,-0.0971,-0.0621,1.8984,-0.1171,-0.0826,1.87,-0.0961,-0.0604,1.9002,-0.119,-0.0562,1.9002,-0.119,-0.0562,1.9,-0.1233,-0.0604,1.9,-0.1233,-0.0014,1.9003,-0.119,-0.0562,1.8989,-0.145
,-0.0604,1.8989,-0.145,-0.0014,1.8989,-0.145,0.0535,1.899,-0.145,-0.0013,1.8885,-0.1937,-0.0562,1.8885,-0.1937,-0.0013,1.8693,-0.2403,-0.0562,1.8693,-0.2403,-0.0603,1.8693,-0.2403,-0.0603,1.8885,-0.1937,-0.0615,1.8672,-0.2391,-0.0614,1.8866,-0.193,-0.0617,1.897,-0.1447,-0.0732,1.8619,-0.1842,-0.0748,1.8414,-0.2242,-0.0774,1.8721,-0.1416,-0.0621,1.8982,-0.1217,-0.0817,1.8703,-0.1036
,-0.0619,1.8383,-0.2872,-0.0801,1.8088,-0.2548,-0.0868,1.7758,-0.2726,-0.0624,1.8082,-0.3325,-0.0873,1.7735,-0.2739,-0.0625,1.8057,-0.3355,-0.0625,1.8057,-0.3355,-0.0859,1.7739,-0.2747,-0.0618,1.8055,-0.3348,-0.081,1.7751,-0.2777,-0.0595,1.8045,-0.3323,-0.0797,1.7754,-0.2785,-0.0588,1.8042,-0.3316,-0.0588,1.8062,-0.329,-0.0797,1.7757,-0.2783,-0.0588,1.8261,-0.2919,-0.0797,1.7807,-0.2728
,-0.057,1.8298,-0.2928,-0.0531,1.8079,-0.3327,-0.0531,1.8298,-0.2928,-0.0531,1.8057,-0.3355,-0.057,1.8079,-0.3327,-0.0536,1.8061,-0.3363,-0.057,1.8057,-0.3355,-0.0556,1.8073,-0.3393,-0.0576,1.8061,-0.3363,-0.0562,1.8076,-0.3402,-0.0597,1.8073,-0.3393,-0.0625,1.8057,-0.3355,-0.0562,1.8076,-0.3402,-0.0603,1.8101,-0.337,-0.0603,1.8076,-0.3402,-0.0562,1.8404,-0.2896,-0.0562,1.8101,-0.337
,-0.0603,1.8404,-0.2896,-0.0013,1.8405,-0.2896,-0.0013,1.8102,-0.337,0.0536,1.8102,-0.337,-0.0013,1.8077,-0.3402,0.0536,1.8077,-0.3402,-0.0562,1.8076,-0.3402,0.053,1.8074,-0.3394,-0.0013,1.8077,-0.3402,-0.0013,1.8073,-0.3393,-0.0013,1.8077,-0.3402,0.0511,1.8061,-0.3363,-0.0013,1.8061,-0.3363,0.0505,1.8058,-0.3355,-0.0013,1.8058,-0.3355,-0.0013,1.808,-0.3327,0.0505,1.808,-0.3327
,0.0505,1.8299,-0.2928,-0.0013,1.8299,-0.2928,0.0544,1.808,-0.3327,0.0544,1.8299,-0.2928,0.0562,1.8063,-0.329,0.0562,1.8261,-0.2919,0.0771,1.7758,-0.2783,0.0771,1.7808,-0.2729,0.0771,1.7755,-0.2785,0.0562,1.8043,-0.3316,0.0569,1.8045,-0.3323,0.0784,1.7752,-0.2777,0.0544,1.8058,-0.3355,0.055,1.8061,-0.3363,0.0592,1.8055,-0.3348,0.0834,1.774,-0.2747,0.0571,1.8074,-0.3393
,0.0536,1.8077,-0.3402,0.0577,1.8077,-0.3402,0.0599,1.8058,-0.3355,0.0577,1.8077,-0.3402,0.0577,1.8102,-0.337,0.0599,1.8058,-0.3355,0.0598,1.8083,-0.3325,0.0847,1.7737,-0.2739,0.0843,1.7759,-0.2726,0.0847,1.7737,-0.2739,0.0365,1.8206,-0.2982,0.0266,1.818,-0.2968,0.0274,1.8173,-0.2964,0.0226,1.8093,-0.292,0.0236,1.8093,-0.292,0.0365,1.8206,-0.2982,0.0274,1.8171,-0.2969
,0.0365,1.8204,-0.2987,0.0274,1.8173,-0.2964,0.0236,1.8091,-0.2925,0.0274,1.8158,-0.2992,0.0365,1.8191,-0.301,0.0236,1.8078,-0.2948,0.0274,1.7998,-0.2904,0.0274,1.8014,-0.2876,0.0274,1.8011,-0.2881,0.0365,1.7978,-0.2863,0.0365,1.7965,-0.2886,0.0365,1.7981,-0.2858,0.0365,1.7981,-0.2858,0.0267,1.8007,-0.2873,0.0365,1.7971,-0.2853,0.0274,1.8014,-0.2876,0.0365,1.7953,-0.2887
,0.0267,1.7989,-0.2907,0.0255,1.7979,-0.2901,0.021,1.8075,-0.2954,0.0226,1.8075,-0.2954,0.0255,1.7915,-0.2866,0.0365,1.7939,-0.2879,0.0176,1.7979,-0.2901,0.0176,1.7923,-0.2871,0.0097,1.7929,-0.2874,0.0097,1.7979,-0.2901,-0.0013,1.7938,-0.2879,-0.0013,1.7938,-0.2879,-0.0123,1.7929,-0.2874,-0.0013,1.7932,-0.2876,-0.0202,1.7978,-0.2901,-0.0123,1.7929,-0.2874,-0.0123,1.7978,-0.2901
,-0.0281,1.7978,-0.2901,-0.0202,1.7923,-0.2871,-0.0391,1.7938,-0.2879,-0.0281,1.7914,-0.2866,-0.0501,1.7978,-0.2901,-0.0391,1.7897,-0.2856,-0.0758,1.788,-0.2847,-0.0638,1.7829,-0.2819,-0.0778,1.7873,-0.2843,-0.0805,1.7764,-0.2783,-0.0686,1.8074,-0.2954,-0.0677,1.8074,-0.2954,-0.0546,1.8074,-0.2954,-0.0584,1.8238,-0.3044,-0.0575,1.8238,-0.3044,-0.0501,1.8171,-0.3007,-0.0391,1.8241,-0.3045
,-0.0572,1.8243,-0.3047,-0.0581,1.8243,-0.3047,-0.0391,1.8241,-0.3045,-0.0281,1.8243,-0.3047,-0.0391,1.8243,-0.3047,-0.0281,1.8238,-0.3044,-0.0202,1.8243,-0.3047,-0.0281,1.8243,-0.3047,-0.0202,1.8238,-0.3044,-0.0123,1.8243,-0.3047,-0.0013,1.8241,-0.3045,-0.0123,1.8238,-0.3044,0.0097,1.8244,-0.3047,0.0097,1.8239,-0.3044,-0.0013,1.8211,-0.3029,0.0097,1.8171,-0.3007,-0.0123,1.8171,-0.3007
,-0.0013,1.8197,-0.3021,0.0086,1.8161,-0.3001,-0.0112,1.8161,-0.3001,-0.0168,1.8075,-0.2954,-0.0152,1.8075,-0.2954,-0.0202,1.8171,-0.3007,-0.0236,1.8075,-0.2954,-0.0281,1.8171,-0.3007,-0.0202,1.8075,-0.2954,-0.0292,1.8161,-0.3001,-0.0252,1.8074,-0.2954,-0.0292,1.8007,-0.2873,-0.0252,1.8093,-0.292,-0.0292,1.8179,-0.2968,-0.0391,1.8197,-0.3021,-0.0391,1.8215,-0.2987,-0.0391,1.8211,-0.3029
,-0.049,1.8179,-0.2968,-0.049,1.8161,-0.3001,-0.053,1.8093,-0.292,-0.053,1.8074,-0.2954,-0.0489,1.7988,-0.2907,-0.0489,1.8006,-0.2873,-0.0391,1.7952,-0.2887,-0.0391,1.7971,-0.2853,-0.0292,1.7988,-0.2907,-0.0482,1.8013,-0.2876,-0.0391,1.798,-0.2858,-0.03,1.8013,-0.2876,-0.0262,1.8093,-0.292,-0.03,1.8011,-0.2881,-0.0391,1.798,-0.2858,-0.03,1.8013,-0.2876,-0.0262,1.809,-0.2925
,-0.03,1.8013,-0.2876,-0.0262,1.8093,-0.292,-0.0391,1.7965,-0.2886,-0.03,1.7998,-0.2904,-0.0262,1.8078,-0.2948,-0.03,1.817,-0.2969,-0.03,1.8158,-0.2992,-0.0262,1.8093,-0.292,-0.03,1.8173,-0.2964,-0.0391,1.8203,-0.2987,-0.0391,1.819,-0.301,-0.0391,1.8206,-0.2982,-0.0391,1.8206,-0.2982,-0.03,1.8173,-0.2964,-0.03,1.8173,-0.2964,-0.0391,1.8206,-0.2982,-0.0482,1.8173,-0.2964
,-0.0482,1.8173,-0.2964,-0.0482,1.817,-0.2969,-0.052,1.8093,-0.292,-0.052,1.8093,-0.292,-0.052,1.809,-0.2925,-0.052,1.8078,-0.2948,-0.0482,1.8157,-0.2992,-0.0482,1.7998,-0.2904,-0.0482,1.801,-0.2881,-0.0482,1.8013,-0.2876,-0.0391,1.7977,-0.2863,-0.0391,1.798,-0.2858,-0.0482,1.7995,-0.2909,-0.0391,1.7962,-0.2891,-0.052,1.8075,-0.2953,-0.03,1.7995,-0.2909,-0.0304,1.7999,-0.2911
,-0.0478,1.7999,-0.2911,-0.0391,1.8075,-0.2953,-0.0268,1.8075,-0.2953,-0.0391,1.7967,-0.2894,-0.0304,1.8151,-0.2995,-0.0391,1.8183,-0.3012,-0.0478,1.8151,-0.2995,-0.0514,1.8075,-0.2953,-0.0482,1.8155,-0.2997,-0.0391,1.8188,-0.3015,-0.03,1.8155,-0.2997,-0.0262,1.8075,-0.2953,-0.0111,1.7988,-0.2907,-0.0112,1.818,-0.2968,-0.0152,1.8093,-0.292,-0.0111,1.8007,-0.2873,-0.0013,1.7971,-0.2853
,-0.0013,1.7953,-0.2887,0.0086,1.7988,-0.2907,0.0086,1.8007,-0.2873,0.0126,1.8075,-0.2954,0.0126,1.8093,-0.292,0.0086,1.818,-0.2968,0.0142,1.8075,-0.2954,0.0176,1.8075,-0.2954,0.0176,1.8171,-0.3007,0.0255,1.8171,-0.3007,0.0255,1.8239,-0.3044,0.0176,1.8244,-0.3047,0.0176,1.8239,-0.3044,0.0255,1.8244,-0.3047,0.0365,1.8211,-0.3029,0.0365,1.8242,-0.3046,0.0475,1.8171,-0.3007
,0.0549,1.8239,-0.3044,0.0546,1.8244,-0.3047,0.052,1.8075,-0.2954,0.0651,1.8075,-0.2954,0.0555,1.8244,-0.3047,0.0558,1.8239,-0.3044,0.066,1.8075,-0.2954,0.0733,1.7881,-0.2847,0.0752,1.7874,-0.2843,0.078,1.7765,-0.2783,0.0792,1.776,-0.2781,0.0612,1.783,-0.2819,0.0365,1.7897,-0.2856,0.0475,1.7979,-0.2901,0.0464,1.7989,-0.2907,0.0504,1.8075,-0.2954,0.0464,1.8161,-0.3001
,0.0464,1.818,-0.2968,0.0504,1.8094,-0.292,0.0464,1.8007,-0.2873,0.0365,1.8216,-0.2987,0.0365,1.8197,-0.3021,0.0266,1.8161,-0.3001,0.0456,1.8173,-0.2964,0.0494,1.8094,-0.292,0.0456,1.8173,-0.2964,0.0456,1.8171,-0.2969,0.0494,1.8094,-0.292,0.0494,1.8091,-0.2925,0.0456,1.8158,-0.2992,0.0494,1.8078,-0.2948,0.0494,1.8076,-0.2953,0.0456,1.8155,-0.2997,0.0365,1.8188,-0.3015
,0.0274,1.8155,-0.2997,0.0365,1.8183,-0.3012,0.0452,1.8152,-0.2995,0.0278,1.8152,-0.2995,0.0242,1.8075,-0.2953,0.0236,1.8075,-0.2953,0.0274,1.7996,-0.2909,0.0365,1.7963,-0.2891,0.0278,1.7999,-0.2911,0.0452,1.7999,-0.2911,0.0365,1.7968,-0.2894,0.0456,1.7998,-0.2904,0.0456,1.7996,-0.2909,0.0456,1.8011,-0.2881,0.0456,1.8014,-0.2876,0.0456,1.8014,-0.2876,0.0365,1.7981,-0.2858
,0.0456,1.8014,-0.2876,0.0488,1.8076,-0.2953,0.0365,1.8076,-0.2953,-0.0013,1.8215,-0.2987,-0.0013,1.8206,-0.2982,0.0078,1.8173,-0.2964,-0.0104,1.8173,-0.2964,-0.0142,1.8093,-0.292,-0.0013,1.8203,-0.2987,-0.0104,1.8173,-0.2964,-0.0104,1.817,-0.2969,-0.0142,1.8093,-0.292,-0.0142,1.809,-0.2925,-0.0142,1.8078,-0.2948,-0.0104,1.8158,-0.2992,0.0078,1.8158,-0.2992,-0.0013,1.8191,-0.301
,0.0078,1.8173,-0.2964,0.0078,1.817,-0.2969,-0.0013,1.8188,-0.3015,0.0078,1.8155,-0.2997,-0.0104,1.8155,-0.2997,0.0074,1.8151,-0.2995,-0.0013,1.8183,-0.3012,-0.0142,1.8075,-0.2953,-0.01,1.8151,-0.2995,-0.0013,1.8075,-0.2953,-0.0136,1.8075,-0.2953,-0.0104,1.7995,-0.2909,-0.01,1.7999,-0.2911,-0.0013,1.7968,-0.2894,0.0074,1.7999,-0.2911,0.011,1.8075,-0.2953,-0.0013,1.7962,-0.2891
,0.0078,1.7996,-0.2909,-0.0013,1.7965,-0.2886,0.0078,1.7998,-0.2904,0.0116,1.8075,-0.2953,0.0078,1.8011,-0.2881,0.0116,1.8091,-0.2925,0.0116,1.8078,-0.2948,0.0116,1.8093,-0.292,0.0116,1.8093,-0.292,0.0078,1.8014,-0.2876,-0.0013,1.7978,-0.2863,0.0078,1.8014,-0.2876,-0.0013,1.798,-0.2858,-0.0104,1.8013,-0.2876,-0.0104,1.8011,-0.2881,-0.0013,1.798,-0.2858,-0.0104,1.8013,-0.2876
,-0.0104,1.7998,-0.2904,-0.1784,1.7446,-0.1363,-0.1601,1.7413,-0.1837,-0.1601,1.764,-0.1761,-0.1309,1.7485,-0.221,-0.1309,1.7806,-0.2103,-0.1601,1.7692,-0.1735,-0.1309,1.7858,-0.2076,-0.1597,1.7691,-0.1733,-0.1784,1.7498,-0.1337,-0.1601,1.7692,-0.1735,-0.1309,1.7858,-0.2076,-0.1601,1.7692,-0.1735,-0.1768,1.7496,-0.1333,-0.178,1.7498,-0.1336,-0.1298,1.7853,-0.2066,-0.1307,1.7857,-0.2074
,-0.093,1.7985,-0.2339,-0.1309,1.7858,-0.2076,-0.0922,1.7979,-0.2326,-0.0928,1.7984,-0.2336,-0.0486,1.8064,-0.25,-0.0487,1.8066,-0.2503,-0.0483,1.8059,-0.249,-0.0013,1.8092,-0.2556,-0.0013,1.8093,-0.256,-0.0013,1.8086,-0.2545,0.0462,1.8066,-0.2503,0.0458,1.8059,-0.249,0.0461,1.8065,-0.25,0.0904,1.7987,-0.2339,0.0902,1.7985,-0.2335,0.1281,1.7858,-0.2074,0.1284,1.786,-0.2076
,0.0896,1.798,-0.2326,0.1572,1.7693,-0.1733,0.1576,1.7694,-0.1735,0.1273,1.7854,-0.2066,0.1759,1.7501,-0.1337,0.1744,1.7499,-0.1333,0.1755,1.75,-0.1336,0.1822,1.7293,-0.091,0.1818,1.7293,-0.091,0.1822,1.7253,-0.0823,0.1818,1.7253,-0.0823,0.1806,1.7293,-0.0909,0.1818,1.7202,-0.0849,0.1822,1.7253,-0.0823,0.1822,1.7201,-0.0849,0.1806,1.7202,-0.0849,0.1818,1.7253,-0.0823
,0.1802,1.7203,-0.0849,0.1806,1.7253,-0.0823,0.1806,1.7253,-0.0823,0.1802,1.7293,-0.0909,0.1802,1.7253,-0.0823,0.1802,1.7242,-0.0935,0.174,1.7498,-0.1332,0.174,1.7447,-0.1359,0.1558,1.7689,-0.1726,0.1562,1.769,-0.1728,0.1559,1.7638,-0.1752,0.127,1.7853,-0.2064,0.127,1.7802,-0.209,0.0894,1.7979,-0.2323,0.0894,1.7928,-0.2349,0.0457,1.8058,-0.2486,0.0457,1.8007,-0.2512
,-0.0013,1.8084,-0.2542,-0.0482,1.8006,-0.2512,-0.0013,1.8034,-0.2568,-0.092,1.7927,-0.2349,-0.0482,1.8057,-0.2486,-0.092,1.7978,-0.2323,-0.1295,1.78,-0.209,-0.1583,1.7636,-0.1752,-0.1295,1.7851,-0.2064,-0.1587,1.7688,-0.1728,-0.1764,1.7444,-0.1359,-0.1583,1.7687,-0.1726,-0.1826,1.7239,-0.0935,-0.1765,1.7496,-0.1332,-0.183,1.729,-0.0909,-0.1842,1.7291,-0.091,-0.1842,1.7251,-0.0823
,-0.1826,1.729,-0.0909,-0.183,1.7251,-0.0823,-0.1842,1.7251,-0.0823,-0.183,1.72,-0.0849,-0.1842,1.7199,-0.0849,-0.183,1.7251,-0.0823,-0.1826,1.72,-0.0849,-0.1768,1.6776,-0.1055,-0.1779,1.6773,-0.1056,-0.1764,1.6777,-0.1055,-0.1764,1.6816,-0.1141,-0.1583,1.6383,-0.1246,-0.1586,1.6382,-0.1247,-0.1583,1.6423,-0.1332,-0.1294,1.6046,-0.141,-0.1297,1.6043,-0.1411,-0.1596,1.6376,-0.1249
,-0.1305,1.6035,-0.1415,-0.092,1.5783,-0.1538,-0.0926,1.5774,-0.1542,-0.0918,1.5787,-0.1536,-0.0485,1.561,-0.1622,-0.0481,1.5624,-0.1616,-0.0482,1.5621,-0.1617,-0.0918,1.5826,-0.1622,-0.1294,1.6085,-0.1496,-0.0481,1.5663,-0.1701,-0.0011,1.5569,-0.1643,-0.0011,1.5565,-0.1644,0.0458,1.5664,-0.1701,-0.0011,1.5608,-0.1728,0.046,1.5621,-0.1617,0.0463,1.5611,-0.1622,-0.0011,1.5554,-0.1649
,0.0898,1.5785,-0.1538,0.0904,1.5775,-0.1542,0.0896,1.5788,-0.1536,0.1274,1.6045,-0.1411,0.1283,1.6037,-0.1415,0.1271,1.6047,-0.141,0.1573,1.6378,-0.1249,0.1559,1.6386,-0.1246,0.1563,1.6384,-0.1247,0.1756,1.6775,-0.1056,0.174,1.6779,-0.1055,0.1744,1.6778,-0.1055,0.174,1.6819,-0.1141,0.1559,1.6425,-0.1332,0.1559,1.6556,-0.153,0.174,1.6887,-0.1244,0.174,1.6978,-0.1325
,0.1271,1.6272,-0.1777,0.1271,1.6087,-0.1496,0.0896,1.6054,-0.1965,0.0896,1.5827,-0.1622,0.0458,1.5916,-0.2084,0.0458,1.5625,-0.1616,-0.0011,1.5869,-0.2124,-0.0011,1.6223,-0.2439,0.0458,1.6258,-0.2388,0.0895,1.636,-0.2238,-0.0481,1.5916,-0.2084,-0.0481,1.6258,-0.2388,-0.0919,1.6359,-0.2238,-0.0918,1.6052,-0.1965,-0.1294,1.652,-0.1999,-0.1294,1.627,-0.1777,-0.1583,1.6554,-0.1531
,-0.1583,1.6731,-0.1688,-0.1764,1.6976,-0.1325,-0.1764,1.6884,-0.1244,-0.1764,1.7085,-0.138,-0.1583,1.6942,-0.1794,-0.1583,1.7174,-0.1841,-0.1764,1.7205,-0.1405,-0.1583,1.7411,-0.1827,-0.1764,1.7328,-0.1398,-0.1295,1.7148,-0.2216,-0.1295,1.7482,-0.2196,-0.0919,1.7537,-0.2479,-0.0919,1.7127,-0.2503,-0.0482,1.7571,-0.2657,-0.0012,1.7583,-0.2718,-0.0482,1.7115,-0.2684,0.0457,1.7572,-0.2657
,0.0457,1.7116,-0.2684,0.0895,1.7538,-0.2479,0.1271,1.715,-0.2216,0.127,1.7484,-0.2196,0.1559,1.7177,-0.1841,0.1559,1.7413,-0.1827,0.174,1.733,-0.1397,0.174,1.7208,-0.1405,0.1559,1.6945,-0.1794,0.174,1.7088,-0.138,0.1559,1.6733,-0.1688,0.1271,1.6822,-0.2149,0.1271,1.6522,-0.1999,0.0895,1.6727,-0.2421,0.0458,1.6667,-0.2592,0.0895,1.7129,-0.2503,-0.0012,1.7111,-0.2746
,-0.0012,1.6647,-0.2651,-0.0481,1.6667,-0.2592,-0.0919,1.6726,-0.2421,-0.1295,1.682,-0.2149,0.1577,1.6377,-0.125,0.176,1.6774,-0.1057,0.1577,1.6377,-0.125,0.176,1.6814,-0.1144,0.1577,1.6416,-0.1337,0.176,1.6774,-0.1057,0.1822,1.7241,-0.0937,0.1822,1.7201,-0.0849,0.1822,1.7293,-0.091,0.176,1.6883,-0.1247,0.1759,1.7086,-0.1385,0.176,1.6975,-0.133,0.1759,1.7331,-0.1403
,0.1759,1.7207,-0.141,0.1759,1.7501,-0.1337,0.1759,1.7449,-0.1363,0.1576,1.7415,-0.1837,0.1576,1.7694,-0.1735,0.1576,1.7642,-0.1761,0.1284,1.7487,-0.221,0.1284,1.786,-0.2076,0.1284,1.7808,-0.2103,0.0904,1.7935,-0.2365,0.0904,1.7987,-0.2339,0.0462,1.8015,-0.253,0.0905,1.7541,-0.2496,0.0462,1.8066,-0.2503,-0.0012,1.7587,-0.2737,0.0462,1.7576,-0.2676,-0.0013,1.8093,-0.256
,-0.0013,1.8042,-0.2586,-0.0487,1.8014,-0.253,-0.0013,1.8093,-0.256,-0.0929,1.754,-0.2496,-0.0487,1.7575,-0.2676,-0.0487,1.8066,-0.2503,-0.093,1.7934,-0.2365,-0.093,1.7985,-0.2339,-0.0929,1.7126,-0.2521,-0.0487,1.7113,-0.2704,-0.1309,1.7147,-0.223,-0.0929,1.672,-0.2437,-0.0486,1.666,-0.2611,-0.0012,1.7109,-0.2766,-0.0012,1.664,-0.267,0.0463,1.7114,-0.2703,0.0463,1.6661,-0.2611
,0.0905,1.7127,-0.2521,0.0905,1.6721,-0.2437,0.1285,1.7149,-0.223,0.1285,1.6817,-0.2162,0.1576,1.7176,-0.1851,0.1576,1.6941,-0.1803,0.1576,1.6727,-0.1696,0.1285,1.6514,-0.2011,0.1577,1.6548,-0.1537,0.1285,1.6075,-0.1503,0.1286,1.6035,-0.1416,0.0906,1.604,-0.1977,0.1285,1.6261,-0.1786,0.0906,1.5772,-0.1543,0.0906,1.5812,-0.1631,0.1286,1.6035,-0.1416,0.0906,1.5772,-0.1543
,0.1286,1.6035,-0.1416,0.0464,1.5607,-0.1624,0.0464,1.5647,-0.1711,0.0906,1.5772,-0.1543,0.0464,1.5607,-0.1624,-0.0011,1.5551,-0.1651,-0.0011,1.5591,-0.1738,0.0464,1.5607,-0.1624,-0.0011,1.5551,-0.1651,0.0463,1.5902,-0.2097,-0.0486,1.5901,-0.2097,-0.0011,1.5854,-0.2138,-0.0486,1.5646,-0.1711,-0.0928,1.5811,-0.1631,-0.0486,1.5606,-0.1624,-0.0486,1.5606,-0.1624,-0.0011,1.5551,-0.1651
,-0.0928,1.5771,-0.1544,-0.0486,1.5606,-0.1624,-0.1308,1.6073,-0.1503,-0.0928,1.5771,-0.1544,-0.1308,1.6033,-0.1416,-0.16,1.6414,-0.1337,-0.1308,1.6033,-0.1416,-0.16,1.6374,-0.125,-0.1783,1.6812,-0.1144,-0.16,1.6374,-0.125,-0.1783,1.6772,-0.1057,-0.1846,1.7239,-0.0937,-0.1783,1.6772,-0.1057,-0.1846,1.7199,-0.0849,-0.1846,1.7291,-0.091,-0.1846,1.7199,-0.0849,-0.1846,1.7251,-0.0823
,-0.1846,1.7251,-0.0823,-0.1846,1.7291,-0.091,-0.1784,1.7498,-0.1337,-0.1846,1.7291,-0.091,-0.1783,1.688,-0.1247,-0.1783,1.6973,-0.133,-0.1784,1.7084,-0.1385,-0.1784,1.7205,-0.141,-0.1784,1.7329,-0.1403,-0.16,1.7174,-0.1851,-0.16,1.6939,-0.1803,-0.16,1.6725,-0.1696,-0.1309,1.6815,-0.2162,-0.1308,1.6512,-0.2011,-0.0929,1.6349,-0.2252,-0.1308,1.6259,-0.1786,-0.0928,1.6039,-0.1977
,-0.0486,1.6247,-0.2404,-0.0011,1.6212,-0.2455,0.0463,1.6248,-0.2404,0.0905,1.6351,-0.2252,-0.16,1.6546,-0.1537,-0.1689,1.7352,-0.0709,-0.1689,1.7247,-0.0816,-0.1689,1.7256,-0.0683,-0.1689,1.7381,-0.0651,-0.1689,1.743,-0.077,-0.1689,1.7293,-0.0828,-0.1689,1.7479,-0.0727,-0.1689,1.726,-0.0618,-0.1689,1.7387,-0.0637,-0.1689,1.7491,-0.0717,-0.1689,1.7479,-0.0856,-0.1689,1.7541,-0.0835
,-0.1689,1.7556,-0.083,-0.17,1.7491,-0.0717,-0.1689,1.7556,-0.083,-0.1689,1.7491,-0.0717,-0.17,1.7387,-0.0637,-0.1689,1.7491,-0.0717,-0.1689,1.7387,-0.0637,-0.1823,1.7491,-0.0717,-0.1825,1.7387,-0.0637,-0.1823,1.7556,-0.083,-0.1832,1.7491,-0.0717,-0.1832,1.7387,-0.0637,-0.1832,1.7556,-0.083,-0.1823,1.7572,-0.0959,-0.1701,1.7572,-0.0959,-0.1701,1.7556,-0.083,-0.1832,1.7572,-0.0959
,-0.1823,1.7538,-0.1085,-0.17,1.7538,-0.1085,-0.1689,1.7572,-0.0959,-0.1689,1.7556,-0.083,-0.17,1.7459,-0.1188,-0.1689,1.7538,-0.1085,-0.1823,1.7459,-0.1188,-0.17,1.7346,-0.1253,-0.1689,1.7459,-0.1188,-0.1823,1.7346,-0.1253,-0.1832,1.7459,-0.1188,-0.1832,1.7538,-0.1085,-0.1832,1.7345,-0.1253,-0.1823,1.7216,-0.127,-0.1832,1.709,-0.1236,-0.1832,1.7216,-0.127,-0.17,1.709,-0.1236
,-0.17,1.7216,-0.127,-0.1832,1.6987,-0.1156,-0.1823,1.709,-0.1236,-0.17,1.6987,-0.1156,-0.1689,1.709,-0.1236,-0.1689,1.7216,-0.127,-0.17,1.6922,-0.1043,-0.1689,1.6987,-0.1156,-0.1823,1.6922,-0.1043,-0.1823,1.6987,-0.1156,-0.17,1.6905,-0.0914,-0.1689,1.6922,-0.1043,-0.1832,1.6922,-0.1043,-0.1823,1.6905,-0.0914,-0.1832,1.6905,-0.0914,-0.1825,1.6939,-0.0788,-0.17,1.6939,-0.0788
,-0.1832,1.6939,-0.0788,-0.1827,1.7019,-0.0685,-0.17,1.7019,-0.0685,-0.1832,1.7019,-0.0685,-0.1828,1.7132,-0.062,-0.1827,1.7019,-0.0685,-0.1827,1.7019,-0.0685,-0.17,1.7132,-0.062,-0.17,1.7019,-0.0685,-0.1832,1.7261,-0.0603,-0.1832,1.7132,-0.062,-0.1827,1.7261,-0.0603,-0.17,1.7262,-0.0603,-0.1689,1.7262,-0.0603,-0.1689,1.7132,-0.062,-0.1689,1.7387,-0.0637,-0.1689,1.7137,-0.0634
,-0.1689,1.7262,-0.0603,-0.1689,1.7029,-0.0696,-0.1689,1.7132,-0.062,-0.17,1.7019,-0.0685,-0.1689,1.7019,-0.0685,-0.1689,1.694,-0.0788,-0.1689,1.7019,-0.0685,-0.1689,1.694,-0.0788,-0.1689,1.6921,-0.0915,-0.1689,1.6953,-0.0795,-0.1689,1.6905,-0.0914,-0.1689,1.6937,-0.1038,-0.1689,1.6905,-0.0914,-0.1689,1.6986,-0.0919,-0.1689,1.7012,-0.0824,-0.1689,1.6998,-0.1018,-0.1689,1.7048,-0.1103
