{"producer":{"name":"Blender","version":"2.83.0","exporter_version":"6.4.1","file":"boy.babylon"},
"autoClear":true,"clearColor":[0.0509,0.0509,0.0509],"gravity":[0,-9.81,0],
"materials":[{"name":"Baked.003","id":"Baked.003","customType":"BABYLON.PBRMaterial","backFaceCulling":true,"checkReadyOnlyOnce":false,"maxSimultaneousLights":4,"environmentIntensity":1,"roughness":0.4667,"alpha":1,"transparencyMode":0,"alphaCutOff":0.4,"metallic":0, 
"albedoTexture":{"name":"z2_Color_s.jpg","level":1,"hasAlpha":false,"coordinatesMode":0,"uOffset":0,"vOffset":0,"uScale":1,"vScale":1,"uAng":0,"vAng":0,"wAng":0,"wrapU":1,"wrapV":1,"coordinatesIndex":0},"useAlphaFromAlbedoTexture":false, 
"reflectivityTexture":{"name":"z2_spec_color_s.jpg","level":1,"hasAlpha":false,"coordinatesMode":0,"uOffset":0,"vOffset":0,"uScale":1,"vScale":1,"uAng":0,"vAng":0,"wAng":0,"wrapU":1,"wrapV":1,"coordinatesIndex":0}, 
"bumpTexture":{"name":"z2_Bump_s.jpg","level":1,"hasAlpha":false,"coordinatesMode":0,"uOffset":0,"vOffset":0,"uScale":1,"vScale":1,"uAng":0,"vAng":0,"wAng":0,"wrapU":1,"wrapV":1,"coordinatesIndex":0}}],
"multiMaterials":[],
"skeletons":[{"name":"SKULL","id":0,"dimensionsAtRest":[0.7306,1.9727,0.7085],"bones":[
{"name":"spine","index":0,"matrix":[1,0,0,0,0,0.9683,-0.2496,0,0,-0.2496,-0.9683,0,0,1.0099,0.0552,1],"rest":[1,0,0,0,0,0.9683,-0.2496,0,0,-0.2496,-0.9683,0,0,1.0099,0.0552,1],"parentBoneIndex":-1,"length":0.1522},
{"name":"spine.001","index":1,"matrix":[1,0,0,0,0,0.9917,-0.1287,0,0,0.1287,0.9917,0,0,0.1522,0,1],"rest":[1,0,0,0,0,0.9917,-0.1287,0,0,0.1287,0.9917,0,0,0.1522,0,1],"parentBoneIndex":0,"length":0.1366},
{"name":"spine.002","index":2,"matrix":[1,0,0,0,0,0.988,-0.1545,0,0,0.1545,0.988,0,0,0.1366,0,1],"rest":[1,0,0,0,0,0.988,-0.1545,0,0,0.1545,0.988,0,0,0.1366,0,1],"parentBoneIndex":1,"length":0.1729},
{"name":"spine.003","index":3,"matrix":[1,0,0,0,0,1,0.0033,0,0,-0.0033,1,0,0,0.1729,0,1],"rest":[1,0,0,0,0,1,0.0033,0,0,-0.0033,1,0,0,0.1729,0,1],"parentBoneIndex":2,"length":0.1926},
{"name":"spine.004","index":4,"matrix":[1,0,0,0,0,0.9186,0.3952,0,0,-0.3952,0.9186,0,0,0.1926,0,1],"rest":[1,0,0,0,0,0.9186,0.3952,0,0,-0.3952,0.9186,0,0,0.1926,0,1],"parentBoneIndex":3,"length":0.0662},
{"name":"spine.005","index":5,"matrix":[1,0,0,0,0,0.5817,0.8134,0,0,-0.8134,0.5817,0,0,0.0662,0,1],"rest":[1,0,0,0,0,0.5817,0.8134,0,0,-0.8134,0.5817,0,0,0.0662,0,1],"parentBoneIndex":4,"length":0.2559},
{"name":"spine.006","index":6,"matrix":[1,0,0,0,0,0.2407,-0.9706,0,0,0.9706,0.2407,0,0,0.2559,0,1],"rest":[1,0,0,0,0,0.2407,-0.9706,0,0,0.9706,0.2407,0,0,0.2559,0,1],"parentBoneIndex":5,"length":0.1983},
{"name":"shoulder.L","index":7,"matrix":[0.3831,-0.0268,0.9233,0,0.9237,0.0214,-0.3826,0,-0.0095,0.9994,0.0329,0,0.0183,0.1372,0.0783,1],"rest":[0.3831,-0.0268,0.9233,0,0.9237,0.0214,-0.3826,0,-0.0095,0.9994,0.0329,0,0.0183,0.1372,0.0783,1],"parentBoneIndex":3,"length":0.2054},
{"name":"upper_arm.L","index":8,"matrix":[-0.3553,-0.6608,-0.6611,0,0.8548,0.0566,-0.5159,0,0.3784,-0.7484,0.5447,0,0.0476,0.2162,0.0055,1],"rest":[-0.3553,-0.6608,-0.6611,0,0.8548,0.0566,-0.5159,0,0.3784,-0.7484,0.5447,0,0.0476,0.2162,0.0055,1],"parentBoneIndex":7,"length":0.3145},
{"name":"forearm.L","index":9,"matrix":[0.884,-0.4674,-0.0106,0,0.449,0.8424,0.2978,0,-0.1302,-0.268,0.9546,0,0,0.3145,0,1],"rest":[0.884,-0.4674,-0.0106,0,0.449,0.8424,0.2978,0,-0.1302,-0.268,0.9546,0,0,0.3145,0,1],"parentBoneIndex":8,"length":0.3162},
{"name":"hand.L","index":10,"matrix":[0.9959,0.0335,0.0839,0,-0.0301,0.9987,-0.0417,0,-0.0852,0.039,0.9956,0,0,0.3162,0,1],"rest":[0.9959,0.0335,0.0839,0,-0.0301,0.9987,-0.0417,0,-0.0852,0.039,0.9956,0,0,0.3162,0,1],"parentBoneIndex":9,"length":0.0802},
{"name":"palm.01.L","index":11,"matrix":[-0.0387,0.078,-0.9962,0,0.1322,0.9886,0.0723,0,0.9905,-0.1289,-0.0486,0,0.0181,0.0394,0.015,1],"rest":[-0.0387,0.078,-0.9962,0,0.1322,0.9886,0.0723,0,0.9905,-0.1289,-0.0486,0,0.0181,0.0394,0.015,1],"parentBoneIndex":10,"length":0.0696},
{"name":"f_index.01.L","index":12,"matrix":[0.899,-0.3543,0.2574,0,0.3595,0.9327,0.0283,0,-0.25,0.0671,0.9659,0,0,0.0696,0,1],"rest":[0.899,-0.3543,0.2574,0,0.3595,0.9327,0.0283,0,-0.25,0.0671,0.9659,0,0,0.0696,0,1],"parentBoneIndex":11,"length":0.045},
{"name":"f_index.02.L","index":13,"matrix":[0.9826,-0.1552,0.1019,0,0.1539,0.9879,0.0204,0,-0.1038,-0.0044,0.9946,0,0,0.045,0,1],"rest":[0.9826,-0.1552,0.1019,0,0.1539,0.9879,0.0204,0,-0.1038,-0.0044,0.9946,0,0,0.045,0,1],"parentBoneIndex":12,"length":0.0282},
{"name":"f_index.03.L","index":14,"matrix":[0.9692,-0.2255,0.0988,0,0.2309,0.9718,-0.0471,0,-0.0854,0.0685,0.994,0,0,0.0282,0,1],"rest":[0.9692,-0.2255,0.0988,0,0.2309,0.9718,-0.0471,0,-0.0854,0.0685,0.994,0,0,0.0282,0,1],"parentBoneIndex":13,"length":0.0228},
{"name":"thumb.01.L","index":15,"matrix":[0.2829,0.4492,-0.8475,0,0.1357,0.8559,0.499,0,0.9495,-0.2562,0.1812,0,0.0197,-0.0083,0.0148,1],"rest":[0.2829,0.4492,-0.8475,0,0.1357,0.8559,0.499,0,0.9495,-0.2562,0.1812,0,0.0197,-0.0083,0.0148,1],"parentBoneIndex":11,"length":0.0725},
{"name":"thumb.02.L","index":16,"matrix":[0.9949,-0.0919,-0.0415,0,0.0937,0.9946,0.0455,0,0.0371,-0.0492,0.9981,0,0,0.0725,0,1],"rest":[0.9949,-0.0919,-0.0415,0,0.0937,0.9946,0.0455,0,0.0371,-0.0492,0.9981,0,0,0.0725,0,1],"parentBoneIndex":15,"length":0.0311},
{"name":"thumb.03.L","index":17,"matrix":[0.9928,0.0907,-0.0777,0,-0.0958,0.9933,-0.0645,0,0.0713,0.0715,0.9949,0,0,0.0311,0,1],"rest":[0.9928,0.0907,-0.0777,0,-0.0958,0.9933,-0.0645,0,0.0713,0.0715,0.9949,0,0,0.0311,0,1],"parentBoneIndex":16,"length":0.0229},
{"name":"palm.02.L","index":18,"matrix":[-0.025,-0.0582,-0.998,0,-0.1313,0.9899,-0.0544,0,0.991,0.1296,-0.0324,0,0.002,0.042,0.0096,1],"rest":[-0.025,-0.0582,-0.998,0,-0.1313,0.9899,-0.0544,0,0.991,0.1296,-0.0324,0,0.002,0.042,0.0096,1],"parentBoneIndex":10,"length":0.0689},
{"name":"f_middle.01.L","index":19,"matrix":[0.8862,-0.3926,0.2459,0,0.3327,0.9087,0.2521,0,-0.3224,-0.1416,0.9359,0,0,0.0689,0,1],"rest":[0.8862,-0.3926,0.2459,0,0.3327,0.9087,0.2521,0,-0.3224,-0.1416,0.9359,0,0,0.0689,0,1],"parentBoneIndex":18,"length":0.0494},
{"name":"f_middle.02.L","index":20,"matrix":[0.9591,-0.2331,0.1604,0,0.2243,0.9719,0.0712,0,-0.1725,-0.0323,0.9845,0,0,0.0494,0,1],"rest":[0.9591,-0.2331,0.1604,0,0.2243,0.9719,0.0712,0,-0.1725,-0.0323,0.9845,0,0,0.0494,0,1],"parentBoneIndex":19,"length":0.0322},
{"name":"f_middle.03.L","index":21,"matrix":[0.9909,-0.1149,0.0698,0,0.1177,0.9924,-0.0368,0,-0.065,0.0447,0.9969,0,0,0.0322,0,1],"rest":[0.9909,-0.1149,0.0698,0,0.1177,0.9924,-0.0368,0,-0.065,0.0447,0.9969,0,0,0.0322,0,1],"parentBoneIndex":20,"length":0.0227},
{"name":"palm.03.L","index":22,"matrix":[0.0002,-0.0731,-0.9973,0,-0.2372,0.9689,-0.071,0,0.9715,0.2365,-0.0171,0,-0.0115,0.04,0.002,1],"rest":[0.0002,-0.0731,-0.9973,0,-0.2372,0.9689,-0.071,0,0.9715,0.2365,-0.0171,0,-0.0115,0.04,0.002,1],"parentBoneIndex":10,"length":0.0695},
{"name":"f_ring.01.L","index":23,"matrix":[0.7842,-0.5429,0.3005,0,0.498,0.8396,0.217,0,-0.3701,-0.0205,0.9287,0,0,0.0695,0,1],"rest":[0.7842,-0.5429,0.3005,0,0.498,0.8396,0.217,0,-0.3701,-0.0205,0.9287,0,0,0.0695,0,1],"parentBoneIndex":22,"length":0.0453},
{"name":"f_ring.02.L","index":24,"matrix":[0.987,-0.1475,0.0644,0,0.1575,0.9677,-0.1968,0,-0.0333,0.2043,0.9783,0,0,0.0453,0,1],"rest":[0.987,-0.1475,0.0644,0,0.1575,0.9677,-0.1968,0,-0.0333,0.2043,0.9783,0,0,0.0453,0,1],"parentBoneIndex":23,"length":0.0322},
{"name":"f_ring.03.L","index":25,"matrix":[0.9429,-0.3331,0.0013,0,0.3182,0.902,0.2919,0,-0.0984,-0.2748,0.9565,0,0,0.0322,0,1],"rest":[0.9429,-0.3331,0.0013,0,0.3182,0.902,0.2919,0,-0.0984,-0.2748,0.9565,0,0,0.0322,0,1],"parentBoneIndex":24,"length":0.0186},
{"name":"palm.04.L","index":26,"matrix":[0.0287,-0.1359,-0.9903,0,-0.3067,0.9417,-0.1382,0,0.9514,0.3077,-0.0146,0,-0.0236,0.036,-0.0067,1],"rest":[0.0287,-0.1359,-0.9903,0,-0.3067,0.9417,-0.1382,0,0.9514,0.3077,-0.0146,0,-0.0236,0.036,-0.0067,1],"parentBoneIndex":10,"length":0.0733},
{"name":"f_pinky.01.L","index":27,"matrix":[0.6684,-0.648,0.365,0,0.6654,0.7403,0.096,0,-0.3324,0.1787,0.926,0,0,0.0733,0,1],"rest":[0.6684,-0.648,0.365,0,0.6654,0.7403,0.096,0,-0.3324,0.1787,0.926,0,0,0.0733,0,1],"parentBoneIndex":26,"length":0.0292},
{"name":"f_pinky.02.L","index":28,"matrix":[0.9971,-0.0758,0.0038,0,0.0758,0.9936,-0.084,0,0.0026,0.084,0.9965,0,0,0.0292,0,1],"rest":[0.9971,-0.0758,0.0038,0,0.0758,0.9936,-0.084,0,0.0026,0.084,0.9965,0,0,0.0292,0,1],"parentBoneIndex":27,"length":0.0243},
{"name":"f_pinky.03.L","index":29,"matrix":[0.9865,-0.1608,-0.0324,0,0.1623,0.9855,0.0501,0,0.0239,-0.0547,0.9982,0,0,0.0243,0,1],"rest":[0.9865,-0.1608,-0.0324,0,0.1623,0.9855,0.0501,0,0.0239,-0.0547,0.9982,0,0,0.0243,0,1],"parentBoneIndex":28,"length":0.0161},
{"name":"shoulder.R","index":30,"matrix":[0.3831,0.0268,-0.9233,0,-0.9237,0.0214,-0.3826,0,0.0095,0.9994,0.0329,0,-0.0183,0.1372,0.0783,1],"rest":[0.3831,0.0268,-0.9233,0,-0.9237,0.0214,-0.3826,0,0.0095,0.9994,0.0329,0,-0.0183,0.1372,0.0783,1],"parentBoneIndex":3,"length":0.2054},
{"name":"upper_arm.R","index":31,"matrix":[-0.3553,0.6608,0.6611,0,-0.8548,0.0566,-0.5159,0,-0.3784,-0.7484,0.5447,0,-0.0476,0.2162,0.0055,1],"rest":[-0.3553,0.6608,0.6611,0,-0.8548,0.0566,-0.5159,0,-0.3784,-0.7484,0.5447,0,-0.0476,0.2162,0.0055,1],"parentBoneIndex":30,"length":0.3145},
{"name":"forearm.R","index":32,"matrix":[0.884,0.4674,0.0106,0,-0.449,0.8424,0.2978,0,0.1302,-0.268,0.9546,0,0,0.3145,0,1],"rest":[0.884,0.4674,0.0106,0,-0.449,0.8424,0.2978,0,0.1302,-0.268,0.9546,0,0,0.3145,0,1],"parentBoneIndex":31,"length":0.3162},
{"name":"hand.R","index":33,"matrix":[0.9959,-0.0335,-0.0839,0,0.0301,0.9987,-0.0417,0,0.0852,0.039,0.9956,0,0,0.3162,0,1],"rest":[0.9959,-0.0335,-0.0839,0,0.0301,0.9987,-0.0417,0,0.0852,0.039,0.9956,0,0,0.3162,0,1],"parentBoneIndex":32,"length":0.0802},
{"name":"palm.01.R","index":34,"matrix":[-0.0387,-0.078,0.9962,0,-0.1322,0.9886,0.0723,0,-0.9905,-0.1289,-0.0486,0,-0.0181,0.0394,0.015,1],"rest":[-0.0387,-0.078,0.9962,0,-0.1322,0.9886,0.0723,0,-0.9905,-0.1289,-0.0486,0,-0.0181,0.0394,0.015,1],"parentBoneIndex":33,"length":0.0696},
{"name":"f_index.01.R","index":35,"matrix":[0.899,0.3543,-0.2574,0,-0.3595,0.9327,0.0283,0,0.25,0.0671,0.9659,0,0,0.0696,0,1],"rest":[0.899,0.3543,-0.2574,0,-0.3595,0.9327,0.0283,0,0.25,0.0671,0.9659,0,0,0.0696,0,1],"parentBoneIndex":34,"length":0.045},
{"name":"f_index.02.R","index":36,"matrix":[0.9826,0.1552,-0.1019,0,-0.1539,0.9879,0.0204,0,0.1038,-0.0044,0.9946,0,0,0.045,0,1],"rest":[0.9826,0.1552,-0.1019,0,-0.1539,0.9879,0.0204,0,0.1038,-0.0044,0.9946,0,0,0.045,0,1],"parentBoneIndex":35,"length":0.0282},
{"name":"f_index.03.R","index":37,"matrix":[0.9692,0.2255,-0.0988,0,-0.2309,0.9718,-0.0471,0,0.0854,0.0685,0.994,0,0,0.0282,0,1],"rest":[0.9692,0.2255,-0.0988,0,-0.2309,0.9718,-0.0471,0,0.0854,0.0685,0.994,0,0,0.0282,0,1],"parentBoneIndex":36,"length":0.0228},
{"name":"thumb.01.R","index":38,"matrix":[0.2829,-0.4492,0.8475,0,-0.1357,0.8559,0.499,0,-0.9495,-0.2562,0.1812,0,-0.0197,-0.0083,0.0148,1],"rest":[0.2829,-0.4492,0.8475,0,-0.1357,0.8559,0.499,0,-0.9495,-0.2562,0.1812,0,-0.0197,-0.0083,0.0148,1],"parentBoneIndex":34,"length":0.0725},
{"name":"thumb.02.R","index":39,"matrix":[0.9949,0.0919,0.0415,0,-0.0937,0.9946,0.0455,0,-0.0371,-0.0492,0.9981,0,0,0.0725,0,1],"rest":[0.9949,0.0919,0.0415,0,-0.0937,0.9946,0.0455,0,-0.0371,-0.0492,0.9981,0,0,0.0725,0,1],"parentBoneIndex":38,"length":0.0311},
{"name":"thumb.03.R","index":40,"matrix":[0.9928,-0.0907,0.0777,0,0.0958,0.9933,-0.0645,0,-0.0713,0.0715,0.9949,0,0,0.0311,0,1],"rest":[0.9928,-0.0907,0.0777,0,0.0958,0.9933,-0.0645,0,-0.0713,0.0715,0.9949,0,0,0.0311,0,1],"parentBoneIndex":39,"length":0.0229},
{"name":"palm.02.R","index":41,"matrix":[-0.025,0.0582,0.998,0,0.1313,0.9899,-0.0544,0,-0.991,0.1296,-0.0324,0,-0.002,0.042,0.0096,1],"rest":[-0.025,0.0582,0.998,0,0.1313,0.9899,-0.0544,0,-0.991,0.1296,-0.0324,0,-0.002,0.042,0.0096,1],"parentBoneIndex":33,"length":0.0689},
{"name":"f_middle.01.R","index":42,"matrix":[0.8862,0.3926,-0.2459,0,-0.3327,0.9087,0.2521,0,0.3224,-0.1416,0.9359,0,0,0.0689,0,1],"rest":[0.8862,0.3926,-0.2459,0,-0.3327,0.9087,0.2521,0,0.3224,-0.1416,0.9359,0,0,0.0689,0,1],"parentBoneIndex":41,"length":0.0494},
{"name":"f_middle.02.R","index":43,"matrix":[0.9591,0.2331,-0.1604,0,-0.2243,0.9719,0.0712,0,0.1725,-0.0323,0.9845,0,0,0.0494,0,1],"rest":[0.9591,0.2331,-0.1604,0,-0.2243,0.9719,0.0712,0,0.1725,-0.0323,0.9845,0,0,0.0494,0,1],"parentBoneIndex":42,"length":0.0322},
{"name":"f_middle.03.R","index":44,"matrix":[0.9909,0.1149,-0.0698,0,-0.1177,0.9924,-0.0368,0,0.065,0.0447,0.9969,0,0,0.0322,0,1],"rest":[0.9909,0.1149,-0.0698,0,-0.1177,0.9924,-0.0368,0,0.065,0.0447,0.9969,0,0,0.0322,0,1],"parentBoneIndex":43,"length":0.0227},
{"name":"palm.03.R","index":45,"matrix":[0.0002,0.0731,0.9973,0,0.2372,0.9689,-0.071,0,-0.9715,0.2365,-0.0171,0,0.0115,0.04,0.002,1],"rest":[0.0002,0.0731,0.9973,0,0.2372,0.9689,-0.071,0,-0.9715,0.2365,-0.0171,0,0.0115,0.04,0.002,1],"parentBoneIndex":33,"length":0.0695},
{"name":"f_ring.01.R","index":46,"matrix":[0.7842,0.5429,-0.3005,0,-0.498,0.8396,0.217,0,0.3701,-0.0205,0.9287,0,0,0.0695,0,1],"rest":[0.7842,0.5429,-0.3005,0,-0.498,0.8396,0.217,0,0.3701,-0.0205,0.9287,0,0,0.0695,0,1],"parentBoneIndex":45,"length":0.0453},
{"name":"f_ring.02.R","index":47,"matrix":[0.987,0.1475,-0.0644,0,-0.1575,0.9677,-0.1968,0,0.0333,0.2043,0.9783,0,0,0.0453,0,1],"rest":[0.987,0.1475,-0.0644,0,-0.1575,0.9677,-0.1968,0,0.0333,0.2043,0.9783,0,0,0.0453,0,1],"parentBoneIndex":46,"length":0.0322},
{"name":"f_ring.03.R","index":48,"matrix":[0.9429,0.3331,-0.0013,0,-0.3182,0.902,0.2919,0,0.0984,-0.2748,0.9565,0,0,0.0322,0,1],"rest":[0.9429,0.3331,-0.0013,0,-0.3182,0.902,0.2919,0,0.0984,-0.2748,0.9565,0,0,0.0322,0,1],"parentBoneIndex":47,"length":0.0186},
{"name":"palm.04.R","index":49,"matrix":[0.0287,0.1359,0.9903,0,0.3067,0.9417,-0.1382,0,-0.9514,0.3077,-0.0146,0,0.0236,0.036,-0.0067,1],"rest":[0.0287,0.1359,0.9903,0,0.3067,0.9417,-0.1382,0,-0.9514,0.3077,-0.0146,0,0.0236,0.036,-0.0067,1],"parentBoneIndex":33,"length":0.0733},
{"name":"f_pinky.01.R","index":50,"matrix":[0.6684,0.648,-0.365,0,-0.6654,0.7403,0.096,0,0.3324,0.1787,0.926,0,0,0.0733,0,1],"rest":[0.6684,0.648,-0.365,0,-0.6654,0.7403,0.096,0,0.3324,0.1787,0.926,0,0,0.0733,0,1],"parentBoneIndex":49,"length":0.0292},
{"name":"f_pinky.02.R","index":51,"matrix":[0.9971,0.0758,-0.0038,0,-0.0758,0.9936,-0.084,0,-0.0026,0.084,0.9965,0,0,0.0292,0,1],"rest":[0.9971,0.0758,-0.0038,0,-0.0758,0.9936,-0.084,0,-0.0026,0.084,0.9965,0,0,0.0292,0,1],"parentBoneIndex":50,"length":0.0243},
{"name":"f_pinky.03.R","index":52,"matrix":[0.9865,0.1608,0.0324,0,-0.1623,0.9855,0.0501,0,-0.0239,-0.0547,0.9982,0,0,0.0243,0,1],"rest":[0.9865,0.1608,0.0324,0,-0.1623,0.9855,0.0501,0,-0.0239,-0.0547,0.9982,0,0,0.0243,0,1],"parentBoneIndex":51,"length":0.0161},
{"name":"breast.L","index":53,"matrix":[-1,0,0,0,0,-0.0286,0.9996,0,0,0.9996,0.0286,0,0.1184,-0.0049,-0.0428,1],"rest":[-1,0,0,0,0,-0.0286,0.9996,0,0,0.9996,0.0286,0,0.1184,-0.0049,-0.0428,1],"parentBoneIndex":3,"length":0.1392},
{"name":"breast.R","index":54,"matrix":[-1,0,0,0,0,-0.0286,0.9996,0,0,0.9996,0.0286,0,-0.1184,-0.0049,-0.0428,1],"rest":[-1,0,0,0,0,-0.0286,0.9996,0,0,0.9996,0.0286,0,-0.1184,-0.0049,-0.0428,1],"parentBoneIndex":3,"length":0.1392},
{"name":"pelvis.L","index":55,"matrix":[-0.4218,-0.0525,0.9052,0,0.5363,0.7905,0.2958,0,-0.7311,0.6102,-0.3052,0,0,0,0,1],"rest":[-0.4218,-0.0525,0.9052,0,0.5363,0.7905,0.2958,0,-0.7311,0.6102,-0.3052,0,0,0,0,1],"parentBoneIndex":0,"length":0.2073},
{"name":"pelvis.R","index":56,"matrix":[-0.4218,0.0525,-0.9052,0,-0.5363,0.7905,0.2958,0,0.7311,0.6102,-0.3052,0,0,0,0,1],"rest":[-0.4218,0.0525,-0.9052,0,-0.5363,0.7905,0.2958,0,0.7311,0.6102,-0.3052,0,0,0,0,1],"parentBoneIndex":0,"length":0.2073},
{"name":"thigh.L","index":57,"matrix":[0.9945,0.1024,-0.0228,0,0.1033,-0.9162,0.3872,0,0.0187,-0.3874,-0.9217,0,0.1434,0.0691,0.0201,1],"rest":[0.9945,0.1024,-0.0228,0,0.1033,-0.9162,0.3872,0,0.0187,-0.3874,-0.9217,0,0.1434,0.0691,0.0201,1],"parentBoneIndex":0,"length":0.499},
{"name":"shin.L","index":58,"matrix":[0.9987,0.0502,0.0077,0,-0.0506,0.9699,0.2382,0,0.0045,-0.2383,0.9712,0,0,0.499,0,1],"rest":[0.9987,0.0502,0.0077,0,-0.0506,0.9699,0.2382,0,0.0045,-0.2383,0.9712,0,0,0.499,0,1],"parentBoneIndex":57,"length":0.4917},
{"name":"foot.L","index":59,"matrix":[0.9985,0.055,-0.0033,0,-0.0299,0.4904,-0.871,0,-0.0463,0.8698,0.4913,0,0,0.4917,0,1],"rest":[0.9985,0.055,-0.0033,0,-0.0299,0.4904,-0.871,0,-0.0463,0.8698,0.4913,0,0,0.4917,0,1],"parentBoneIndex":58,"length":0.1357},
{"name":"toe.L","index":60,"matrix":[1,-0.0016,0,0,0.0013,0.8209,-0.571,0,0.0009,0.571,0.8209,0,0,0.1357,0,1],"rest":[1,-0.0016,0,0,0.0013,0.8209,-0.571,0,0.0009,0.571,0.8209,0,0,0.1357,0,1],"parentBoneIndex":59,"length":0.0672},
{"name":"heel.02.L","index":61,"matrix":[0.0013,0.8209,-0.571,0,1,-0.0016,0,0,-0.0009,-0.571,-0.8209,0,-0.038,0.0243,0.0869,1],"rest":[0.0013,0.8209,-0.571,0,1,-0.0016,0,0,-0.0009,-0.571,-0.8209,0,-0.038,0.0243,0.0869,1],"parentBoneIndex":59,"length":0.08},
{"name":"thigh.R","index":62,"matrix":[0.9945,-0.1024,0.0228,0,-0.1033,-0.9162,0.3872,0,-0.0187,-0.3874,-0.9217,0,-0.1434,0.0691,0.0201,1],"rest":[0.9945,-0.1024,0.0228,0,-0.1033,-0.9162,0.3872,0,-0.0187,-0.3874,-0.9217,0,-0.1434,0.0691,0.0201,1],"parentBoneIndex":0,"length":0.499},
{"name":"shin.R","index":63,"matrix":[0.9987,-0.0502,-0.0077,0,0.0506,0.9699,0.2382,0,-0.0045,-0.2383,0.9712,0,0,0.499,0,1],"rest":[0.9987,-0.0502,-0.0077,0,0.0506,0.9699,0.2382,0,-0.0045,-0.2383,0.9712,0,0,0.499,0,1],"parentBoneIndex":62,"length":0.4917},
{"name":"foot.R","index":64,"matrix":[0.9985,-0.055,0.0033,0,0.0299,0.4904,-0.871,0,0.0463,0.8698,0.4913,0,0,0.4917,0,1],"rest":[0.9985,-0.055,0.0033,0,0.0299,0.4904,-0.871,0,0.0463,0.8698,0.4913,0,0,0.4917,0,1],"parentBoneIndex":63,"length":0.1357},
{"name":"toe.R","index":65,"matrix":[1,0.0016,0,0,-0.0013,0.8209,-0.571,0,-0.0009,0.571,0.8209,0,0,0.1357,0,1],"rest":[1,0.0016,0,0,-0.0013,0.8209,-0.571,0,-0.0009,0.571,0.8209,0,0,0.1357,0,1],"parentBoneIndex":64,"length":0.0672},
{"name":"heel.02.R","index":66,"matrix":[0.0013,-0.8209,0.571,0,-1,-0.0016,0,0,0.0009,-0.571,-0.8209,0,0.038,0.0243,0.0869,1],"rest":[0.0013,-0.8209,0.571,0,-1,-0.0016,0,0,0.0009,-0.571,-0.8209,0,0.038,0.0243,0.0869,1],"parentBoneIndex":64,"length":0.08}]}],
"meshes":[{"name":"Z2","id":"Z2","materialId":"Baked.003","billboardMode":0,"position":[0,0,0],"rotation":[0,0,0],"scaling":[1,1,1],"isVisible":true,"freezeWorldMatrix":false,"isEnabled":true,"checkCollisions":false,"receiveShadows":false,"pickable":true,"tags":"","skeletonId":0,"numBoneInfluencers":8
,"positions":[-0.0216,1.5598,-0.2086,0.0304,1.5594,-0.1992,-0.0125,1.5593,-0.1992,0.0394,1.5578,-0.1672,-0.0125,1.5586,-0.184,0.0304,1.5586,-0.184,0.0304,1.5569,-0.1841,0.0304,1.5576,-0.1993,-0.0125,1.5576,-0.1993,-0.0215,1.499,-0.2117,0.0395,1.4235,-0.2155,0.0395,1.499,-0.2117,0.0395,1.499,-0.2117,-0.0215,1.4994,-0.2204,-0.0215,1.499,-0.2117,0.0665,1.4995,-0.2204,0.0665,1.5196,-0.2106
,0.0665,1.52,-0.2193,0.0665,1.5381,-0.2097,0.0395,1.5386,-0.2184,0.0394,1.5598,-0.2086,0.0394,1.5603,-0.2173,0.0394,1.5598,-0.2086,-0.0216,1.5602,-0.2173,0.0394,1.5603,-0.2173,-0.0216,1.5385,-0.2184,-0.0216,1.5598,-0.2086,-0.0216,1.5381,-0.2097,-0.0486,1.5381,-0.2097,-0.0486,1.5199,-0.2193,-0.0486,1.5385,-0.2184,-0.0486,1.4994,-0.2204,-0.0486,1.5195,-0.2106,-0.0486,1.4989,-0.2117
,0.0395,1.5386,-0.2184,-0.0216,1.5385,-0.2184,0.0395,1.52,-0.2193,0.0305,1.5343,-0.2186,0.0305,1.52,-0.2193,-0.0216,1.5385,-0.2184,0.0395,1.5386,-0.2184,-0.0215,1.52,-0.2193,-0.0126,1.5343,-0.2186,-0.0216,1.5385,-0.2184,-0.0126,1.5036,-0.2201,-0.0126,1.52,-0.2193,0.0395,1.4994,-0.2204,0.0305,1.5037,-0.2201,-0.0126,1.5331,-0.1955,-0.0126,1.52,-0.2193,-0.0126,1.5188,-0.1962
,-0.0126,1.5036,-0.2201,-0.0126,1.52,-0.2193,-0.0126,1.5036,-0.2201,0.0305,1.5025,-0.197,-0.0126,1.5025,-0.197,0.0305,1.52,-0.2193,0.0305,1.5037,-0.2201,0.0305,1.5188,-0.1962,0.0305,1.5343,-0.2186,0.0305,1.5332,-0.1955,-0.0126,1.5343,-0.2186,0.0305,1.5343,-0.2186,0.0116,1.5046,-0.2082,0.0122,1.5021,-0.2094,0.0116,1.502,-0.2084,0.0122,1.5048,-0.2116,0.0116,1.5022,-0.2128
,0.0122,1.5022,-0.2118,0.0084,1.5049,-0.2139,0.0096,1.5023,-0.214,0.0096,1.5049,-0.2139,0.0063,1.5022,-0.2128,0.0057,1.5048,-0.2116,0.0057,1.5022,-0.2118,0.0057,1.5021,-0.2094,0.0063,1.5046,-0.2082,0.0063,1.502,-0.2084,0.0084,1.5046,-0.207,0.0096,1.502,-0.2072,0.0084,1.502,-0.2072,0.0057,1.5327,-0.2079,0.0063,1.5352,-0.2067,0.0063,1.5326,-0.2068,0.0063,1.5328,-0.2113
,0.0057,1.5354,-0.2101,0.0057,1.5328,-0.2102,0.0084,1.5329,-0.2125,0.0096,1.5355,-0.2123,0.0083,1.5355,-0.2123,0.0122,1.5328,-0.2102,0.0116,1.5354,-0.2112,0.0116,1.5328,-0.2113,0.0116,1.5352,-0.2067,0.0122,1.5327,-0.2079,0.0116,1.5326,-0.2068,0.0084,1.5325,-0.2056,0.0096,1.5351,-0.2055,0.0096,1.5325,-0.2056,0.0124,1.5048,-0.2108,0.0124,1.5021,-0.2103,0.0124,1.5047,-0.2101
,0.007,1.5046,-0.2077,0.0075,1.502,-0.2075,0.007,1.502,-0.2078,0.0075,1.5023,-0.2137,0.007,1.5049,-0.2133,0.007,1.5023,-0.2134,0.0124,1.5353,-0.2092,0.0124,1.5327,-0.2087,0.0124,1.5353,-0.2086,0.007,1.5352,-0.2061,0.0075,1.5326,-0.2059,0.007,1.5326,-0.2063,0.0075,1.5329,-0.2122,0.007,1.5355,-0.2117,0.007,1.5329,-0.2118,0.011,1.502,-0.2078,0.0104,1.5046,-0.2073
,0.011,1.5046,-0.2077,0.0056,1.5047,-0.2108,0.0056,1.5021,-0.2103,0.0056,1.5021,-0.2109,0.0104,1.5049,-0.2136,0.011,1.5023,-0.2134,0.011,1.5049,-0.2133,0.0109,1.5326,-0.2063,0.0104,1.5352,-0.2058,0.0109,1.5352,-0.2061,0.0104,1.5355,-0.212,0.0109,1.5329,-0.2118,0.0109,1.5355,-0.2117,0.0055,1.5353,-0.2092,0.0055,1.5327,-0.2087,0.0055,1.5327,-0.2094,0.0122,1.5047,-0.2093
,0.0116,1.5049,-0.2127,0.0075,1.5049,-0.2136,0.0063,1.5048,-0.2127,0.0057,1.5047,-0.2093,0.0056,1.5047,-0.2101,0.0075,1.5046,-0.2073,0.0096,1.5046,-0.207,0.0116,1.5046,-0.2082,0.0057,1.5353,-0.2077,0.0104,1.5329,-0.2122,0.0096,1.5329,-0.2125,0.0124,1.5327,-0.2094,0.0122,1.5353,-0.2077,0.0116,1.5352,-0.2067,0.0116,1.5326,-0.2068,0.0104,1.5326,-0.2059,0.0083,1.5351,-0.2055
,0.0171,1.5327,-0.2164,0.0157,1.5333,-0.2202,0.0158,1.5329,-0.2205,0.0157,1.5333,-0.2202,0.0154,1.5329,-0.2207,0.0194,1.5049,-0.2071,0.0168,1.5044,-0.2033,0.0171,1.5047,-0.2031,0.0025,1.5318,-0.1974,0.0022,1.5322,-0.1979,0.0027,1.5321,-0.1977,0.0009,1.5047,-0.2031,-0.0011,1.5046,-0.2072,-0.0015,1.5049,-0.2071,0.0066,1.5329,-0.2198,0.0027,1.5333,-0.2204,0.0025,1.5329,-0.2207
,0.0113,1.5329,-0.2198,0.0152,1.5333,-0.2204,0.0112,1.5332,-0.2194,0.0157,1.5053,-0.2216,0.0155,1.5057,-0.2221,0.0153,1.5053,-0.2218,0.0113,1.5056,-0.2211,0.0067,1.5053,-0.2208,0.0112,1.5053,-0.2208,0.0194,1.5325,-0.2124,0.022,1.5327,-0.2093,0.019,1.5329,-0.2123,0.0009,1.5327,-0.2164,0.0023,1.5333,-0.2202,0.0011,1.5331,-0.2162,-0.0015,1.5325,-0.2124,-0.004,1.5327,-0.2093
,-0.0044,1.5324,-0.2093,0.0023,1.5042,-0.1993,0.0025,1.5045,-0.1988,0.0027,1.5042,-0.1991,0.0194,1.5322,-0.2057,0.0168,1.5324,-0.2019,0.019,1.5326,-0.2058,-0.0015,1.5322,-0.2057,-0.004,1.5327,-0.2088,-0.0011,1.5325,-0.2058,0.0009,1.532,-0.2017,0.0022,1.5322,-0.1979,0.0021,1.5318,-0.1976,0.0067,1.5332,-0.2194,0.0066,1.5318,-0.1984,0.0027,1.5321,-0.1977,0.0067,1.5322,-0.1987
,0.0113,1.5318,-0.1984,0.0152,1.5322,-0.1977,0.0154,1.5318,-0.1974,0.022,1.5327,-0.2088,0.0223,1.5323,-0.2088,-0.004,1.5327,-0.2088,-0.004,1.5327,-0.2093,0.0157,1.5322,-0.1979,0.0171,1.532,-0.2017,0.0158,1.5318,-0.1976,0.022,1.5327,-0.2093,0.022,1.5327,-0.2088,0.0157,1.5053,-0.2216,0.0171,1.5055,-0.2178,0.0159,1.5057,-0.2219,-0.004,1.5047,-0.2102,-0.0044,1.5051,-0.2107
,-0.0044,1.5051,-0.2102,0.0194,1.5053,-0.2138,0.022,1.5048,-0.2107,0.0223,1.5051,-0.2107,0.0066,1.5046,-0.1997,0.0112,1.5042,-0.2001,0.0067,1.5042,-0.2001,0.0066,1.5056,-0.2211,0.0027,1.5053,-0.2218,0.0153,1.5053,-0.2218,0.0223,1.5051,-0.2102,0.022,1.5048,-0.2107,0.022,1.5047,-0.2102,-0.0015,1.5053,-0.2138,0.0011,1.5051,-0.2176,0.0009,1.5055,-0.2178,0.0023,1.5053,-0.2216
,0.0021,1.5057,-0.2219,-0.004,1.5047,-0.2107,-0.0011,1.5049,-0.2137,0.0191,1.5049,-0.2137,0.0023,1.5333,-0.2202,0.0027,1.5333,-0.2204,-0.004,1.5047,-0.2102,0.0023,1.5042,-0.1993,0.0021,1.5045,-0.199,0.0112,1.5322,-0.1987,0.0157,1.5322,-0.1979,0.0152,1.5322,-0.1977,-0.0011,1.5329,-0.2123,0.0027,1.5042,-0.1991,0.0113,1.5046,-0.1997,0.0153,1.5042,-0.1991,0.0025,1.5057,-0.2221
,0.0023,1.5053,-0.2216,0.0027,1.5053,-0.2218,0.0157,1.5042,-0.1993,0.0159,1.5045,-0.199,0.022,1.5047,-0.2102,0.0191,1.5046,-0.2072,0.0155,1.5045,-0.1988,0.0157,1.5042,-0.1993,0.0153,1.5042,-0.1991,0.0084,1.5325,-0.2056,0.0112,1.5322,-0.1987,0.0067,1.5322,-0.1987,0.0011,1.5324,-0.2019,0.0057,1.5327,-0.2079,0.0063,1.5326,-0.2068,0.0011,1.5331,-0.2162,0.0057,1.5328,-0.2102
,-0.0011,1.5329,-0.2123,0.0096,1.5329,-0.2125,0.0067,1.5332,-0.2194,0.0112,1.5332,-0.2194,0.0122,1.5328,-0.2102,0.0168,1.5331,-0.2162,0.019,1.5329,-0.2123,0.019,1.5326,-0.2058,0.0116,1.5326,-0.2068,0.0122,1.5327,-0.2079,0.0011,1.5044,-0.2033,0.0057,1.5047,-0.2093,-0.0011,1.5046,-0.2072,0.0112,1.5042,-0.2001,0.0084,1.5046,-0.207,0.0067,1.5042,-0.2001,0.0122,1.5047,-0.2093
,0.0168,1.5044,-0.2033,0.0191,1.5046,-0.2072,0.0168,1.5051,-0.2176,0.0122,1.5048,-0.2116,0.0191,1.5049,-0.2137,0.0067,1.5053,-0.2208,0.0096,1.5049,-0.2139,0.0112,1.5053,-0.2208,-0.0011,1.5049,-0.2137,0.0063,1.5048,-0.2127,0.0011,1.5051,-0.2176,0.0021,1.5045,-0.199,0.0021,1.5329,-0.2205,0.0104,1.5046,-0.2073,0.0157,1.5042,-0.1993,0.011,1.5046,-0.2077,0.0056,1.5047,-0.2108
,-0.004,1.5047,-0.2102,0.0056,1.5047,-0.2101,0.011,1.5049,-0.2133,0.0153,1.5053,-0.2218,0.0104,1.5049,-0.2136,0.0157,1.5322,-0.1979,0.0104,1.5326,-0.2059,0.0109,1.5326,-0.2063,0.0104,1.5329,-0.2122,0.0157,1.5333,-0.2202,0.0109,1.5329,-0.2118,0.0055,1.5327,-0.2094,-0.004,1.5327,-0.2088,-0.004,1.5327,-0.2093,0.0124,1.5047,-0.2101,0.022,1.5048,-0.2107,0.0124,1.5048,-0.2108
,0.0023,1.5042,-0.1993,0.0075,1.5046,-0.2073,0.007,1.5046,-0.2077,0.0075,1.5049,-0.2136,0.0023,1.5053,-0.2216,0.007,1.5049,-0.2133,0.0124,1.5327,-0.2087,0.022,1.5327,-0.2093,0.022,1.5327,-0.2088,0.007,1.5326,-0.2063,0.0027,1.5321,-0.1977,0.0022,1.5322,-0.1979,0.0223,1.5324,-0.2093,0.0075,1.5329,-0.2122,0.0023,1.5333,-0.2202,0.0027,1.5333,-0.2204,0.0112,1.5322,-0.1987
,0.0104,1.5326,-0.2059,0.0152,1.5322,-0.1977,0.0075,1.5326,-0.2059,0.0067,1.5322,-0.1987,0.0027,1.5321,-0.1977,0.007,1.5326,-0.2063,0.0022,1.5322,-0.1979,0.0055,1.5327,-0.2087,-0.0011,1.5325,-0.2058,-0.004,1.5327,-0.2088,-0.0011,1.5329,-0.2123,0.0055,1.5327,-0.2094,-0.004,1.5327,-0.2093,0.007,1.5329,-0.2118,0.0011,1.5331,-0.2162,0.0023,1.5333,-0.2202,0.0067,1.5332,-0.2194
,0.0075,1.5329,-0.2122,0.0027,1.5333,-0.2204,0.0104,1.5329,-0.2122,0.0112,1.5332,-0.2194,0.0152,1.5333,-0.2204,0.0109,1.5329,-0.2118,0.0157,1.5333,-0.2202,0.0124,1.5327,-0.2094,0.019,1.5329,-0.2123,0.022,1.5327,-0.2093,0.019,1.5326,-0.2058,0.0124,1.5327,-0.2087,0.022,1.5327,-0.2088,0.0109,1.5326,-0.2063,0.0168,1.5324,-0.2019,0.0157,1.5322,-0.1979,-0.0011,1.5046,-0.2072
,0.0056,1.5047,-0.2101,-0.004,1.5047,-0.2102,0.007,1.5046,-0.2077,0.0023,1.5042,-0.1993,0.0067,1.5042,-0.2001,0.0075,1.5046,-0.2073,0.0027,1.5042,-0.1991,0.0104,1.5046,-0.2073,0.0112,1.5042,-0.2001,0.0153,1.5042,-0.1991,0.0168,1.5044,-0.2033,0.011,1.5046,-0.2077,0.0157,1.5042,-0.1993,0.0124,1.5047,-0.2101,0.0191,1.5046,-0.2072,0.022,1.5047,-0.2102,0.0191,1.5049,-0.2137
,0.0124,1.5048,-0.2108,0.022,1.5048,-0.2107,0.011,1.5049,-0.2133,0.0157,1.5053,-0.2216,0.0112,1.5053,-0.2208,0.0104,1.5049,-0.2136,0.0153,1.5053,-0.2218,0.0075,1.5049,-0.2136,0.0067,1.5053,-0.2208,0.0027,1.5053,-0.2218,0.0011,1.5051,-0.2176,0.007,1.5049,-0.2133,0.0023,1.5053,-0.2216,0.0056,1.5047,-0.2108,-0.0011,1.5049,-0.2137,-0.004,1.5047,-0.2107,-0.0618,1.5197,-0.1814
,-0.0654,1.5171,-0.1836,-0.0654,1.5198,-0.1835,-0.0691,1.5172,-0.1858,-0.0691,1.5199,-0.1856,-0.0691,1.5174,-0.19,-0.0691,1.5201,-0.1899,-0.0691,1.5203,-0.1941,-0.0654,1.5177,-0.1964,-0.0654,1.5204,-0.1962,-0.0618,1.5205,-0.1983,-0.0581,1.5177,-0.1964,-0.0581,1.5205,-0.1962,-0.0544,1.5203,-0.1941,-0.0544,1.5174,-0.19,-0.0544,1.5201,-0.1899,-0.0544,1.5199,-0.1856,-0.0544,1.5172,-0.1858
,-0.0581,1.5198,-0.1835,-0.0581,1.5171,-0.1836,-0.0618,1.5197,-0.1814,-0.0564,1.5203,-0.193,-0.0564,1.52,-0.1868,-0.0618,1.5198,-0.1837,-0.0618,1.5197,-0.1814,-0.0618,1.5198,-0.1837,-0.0671,1.52,-0.1868,-0.0671,1.5203,-0.193,-0.0618,1.5204,-0.196,-0.0648,1.5208,-0.1845,-0.0671,1.5209,-0.1867,-0.0679,1.5211,-0.1898,-0.0679,1.5201,-0.1899,-0.0648,1.5214,-0.1952,-0.0648,1.5204,-0.1952
,-0.0587,1.5204,-0.1952,-0.0618,1.5214,-0.196,-0.0564,1.5213,-0.1929,-0.0587,1.5214,-0.1952,-0.0556,1.5201,-0.1899,-0.0564,1.5209,-0.1867,-0.0556,1.5211,-0.1898,-0.0587,1.5199,-0.1845,-0.0587,1.5208,-0.1845,-0.0618,1.5208,-0.1837,-0.0618,1.5198,-0.1837,-0.0618,1.5208,-0.1837,-0.0663,1.521,-0.1872,-0.0671,1.5212,-0.1929,-0.067,1.5211,-0.1898,-0.0663,1.5212,-0.1924,-0.0644,1.5213,-0.1943
,-0.0592,1.5213,-0.1943,-0.0573,1.5212,-0.1924,-0.0566,1.5211,-0.1898,-0.0573,1.521,-0.1872,-0.0592,1.5209,-0.1853,-0.0618,1.5208,-0.1846,-0.0618,1.5208,-0.1837,-0.0644,1.5209,-0.1853,-0.0663,1.5166,-0.1927,-0.0618,1.5214,-0.195,-0.0644,1.5167,-0.1946,-0.0592,1.5167,-0.1946,-0.0566,1.5164,-0.1901,-0.0573,1.5166,-0.1927,-0.0573,1.5163,-0.1875,-0.0592,1.5162,-0.1856,-0.0618,1.5162,-0.1849
,-0.0644,1.5162,-0.1856,-0.0618,1.5162,-0.1849,-0.0663,1.5163,-0.1875,-0.0669,1.5164,-0.1901,-0.0618,1.5163,-0.1877,-0.0618,1.5162,-0.1849,-0.0638,1.5164,-0.1889,-0.0629,1.5163,-0.188,-0.0638,1.5165,-0.1912,-0.0618,1.5166,-0.1924,-0.0618,1.5167,-0.1952,-0.0597,1.5165,-0.1912,-0.0606,1.5165,-0.1921,-0.0594,1.5164,-0.1901,-0.0597,1.5164,-0.1889,-0.0618,1.5163,-0.1877,-0.0606,1.5163,-0.188
,-0.0638,1.5263,-0.1908,-0.0629,1.5165,-0.1921,-0.0629,1.5263,-0.1916,-0.0606,1.5263,-0.1916,-0.0597,1.5263,-0.1908,-0.0594,1.5262,-0.1896,-0.0597,1.5261,-0.1884,-0.0606,1.5261,-0.1875,-0.0618,1.5261,-0.1872,-0.0618,1.5261,-0.1872,-0.0638,1.5261,-0.1884,-0.0629,1.5261,-0.1875,-0.0641,1.5262,-0.1896,-0.0641,1.5164,-0.1901,-0.0562,1.5271,-0.1858,-0.0562,1.5386,-0.1899,-0.0562,1.5275,-0.1932
,-0.0674,1.5275,-0.1932,-0.0674,1.5385,-0.188,-0.0674,1.5271,-0.1858,-0.0674,1.5386,-0.1899,-0.0562,1.5385,-0.188,-0.0674,1.5385,-0.188,-0.0674,1.5262,-0.1933,-0.0674,1.5271,-0.1858,-0.0562,1.5259,-0.1859,-0.0674,1.5259,-0.1859,-0.0562,1.5259,-0.1859,-0.0674,1.5262,-0.1933,-0.0562,1.5262,-0.1933,-0.0562,1.5259,-0.1859,-0.0674,1.5262,-0.1933,-0.0674,1.5259,-0.1859,-0.0674,1.5271,-0.1858
,-0.0665,1.5376,-0.1879,-0.0665,1.5279,-0.186,-0.0674,1.5385,-0.188,-0.057,1.5376,-0.1879,-0.0562,1.5271,-0.1858,-0.0674,1.5271,-0.1858,-0.057,1.5279,-0.186,-0.0562,1.5271,-0.1858,-0.057,1.5378,-0.1901,-0.0665,1.5378,-0.1901,-0.0665,1.5283,-0.193,-0.057,1.5283,-0.193,-0.057,1.5285,-0.1938,-0.0665,1.5285,-0.1938,-0.057,1.538,-0.191,-0.057,1.5283,-0.193,-0.057,1.5378,-0.1901
,-0.057,1.5378,-0.1901,-0.0665,1.538,-0.191,-0.0665,1.5378,-0.1901,-0.0665,1.5376,-0.1879,-0.0665,1.5281,-0.1851,-0.0665,1.5279,-0.186,-0.0665,1.5376,-0.1879,-0.057,1.5378,-0.187,-0.0665,1.5378,-0.187,-0.057,1.5376,-0.1879,-0.057,1.5281,-0.1851,-0.0351,1.5356,-0.1839,-0.0388,1.5384,-0.1858,-0.0351,1.5383,-0.1838,-0.0424,1.5358,-0.1881,-0.0424,1.5385,-0.188,-0.0424,1.5388,-0.1922
,-0.0424,1.5363,-0.1966,-0.0424,1.539,-0.1964,-0.0388,1.5364,-0.1987,-0.0388,1.5391,-0.1986,-0.0351,1.5392,-0.2007,-0.0314,1.5364,-0.1987,-0.0351,1.5365,-0.2008,-0.0278,1.539,-0.1964,-0.0314,1.5391,-0.1986,-0.0278,1.5363,-0.1966,-0.0277,1.5388,-0.1922,-0.0278,1.5358,-0.1881,-0.0278,1.5386,-0.188,-0.0314,1.5385,-0.1858,-0.0314,1.5357,-0.186,-0.0351,1.5383,-0.1838,-0.0297,1.5389,-0.1953
,-0.0297,1.5386,-0.1891,-0.0351,1.5385,-0.186,-0.0351,1.5383,-0.1838,-0.0351,1.5385,-0.186,-0.0404,1.5386,-0.1891,-0.0404,1.5389,-0.1953,-0.0351,1.5391,-0.1984,-0.0382,1.5395,-0.1868,-0.0382,1.5385,-0.1869,-0.0413,1.5397,-0.1922,-0.0404,1.5396,-0.1891,-0.0413,1.5388,-0.1922,-0.0382,1.54,-0.1975,-0.0404,1.5399,-0.1952,-0.0382,1.539,-0.1975,-0.032,1.539,-0.1975,-0.0351,1.5401,-0.1983
,-0.0297,1.5399,-0.1952,-0.032,1.54,-0.1975,-0.0289,1.5388,-0.1922,-0.0297,1.5396,-0.1891,-0.032,1.5385,-0.1869,-0.032,1.5395,-0.1868,-0.0351,1.5385,-0.186,-0.0351,1.5394,-0.186,-0.0403,1.5397,-0.1922,-0.0396,1.5396,-0.1896,-0.0396,1.5399,-0.1947,-0.0377,1.54,-0.1966,-0.0351,1.54,-0.1973,-0.0325,1.54,-0.1966,-0.0306,1.5399,-0.1947,-0.0299,1.5398,-0.1922,-0.0289,1.5398,-0.1922
,-0.0306,1.5396,-0.1896,-0.0325,1.5395,-0.1877,-0.0351,1.5395,-0.187,-0.0377,1.5395,-0.1877,-0.0403,1.5351,-0.1924,-0.0396,1.5352,-0.195,-0.0377,1.5353,-0.1969,-0.0351,1.5353,-0.1976,-0.0325,1.5353,-0.1969,-0.0306,1.5352,-0.195,-0.0299,1.5351,-0.1924,-0.0306,1.5349,-0.1898,-0.0351,1.5348,-0.1872,-0.0325,1.5349,-0.1879,-0.0351,1.5395,-0.187,-0.0377,1.5349,-0.1879,-0.0351,1.5348,-0.1872
,-0.0396,1.5349,-0.1898,-0.0351,1.5348,-0.1872,-0.0363,1.535,-0.1903,-0.0351,1.535,-0.19,-0.0371,1.535,-0.1912,-0.0374,1.5351,-0.1924,-0.0363,1.5352,-0.1944,-0.0339,1.5352,-0.1944,-0.033,1.5351,-0.1936,-0.0327,1.5351,-0.1924,-0.0339,1.535,-0.1903,-0.0371,1.5449,-0.1931,-0.0371,1.5351,-0.1936,-0.0351,1.545,-0.1943,-0.0351,1.5352,-0.1948,-0.033,1.5449,-0.1931,-0.0339,1.5449,-0.1939
,-0.033,1.535,-0.1912,-0.0327,1.5449,-0.1919,-0.0339,1.5447,-0.1898,-0.033,1.5448,-0.1907,-0.0351,1.5447,-0.1895,-0.0363,1.5447,-0.1898,-0.0351,1.5447,-0.1895,-0.0371,1.5448,-0.1907,-0.0375,1.5448,-0.1919,-0.0295,1.5458,-0.1882,-0.0295,1.5572,-0.1922,-0.0295,1.5461,-0.1955,-0.0407,1.5461,-0.1955,-0.0407,1.5571,-0.1903,-0.0407,1.5458,-0.1882,-0.0407,1.5571,-0.1903,-0.0295,1.5571,-0.1903
,-0.0407,1.5445,-0.1882,-0.0407,1.5449,-0.1956,-0.0295,1.5458,-0.1882,-0.0407,1.5445,-0.1882,-0.0407,1.5458,-0.1882,-0.0295,1.5449,-0.1956,-0.0295,1.5445,-0.1882,-0.0407,1.5449,-0.1956,-0.0295,1.5449,-0.1956,-0.0407,1.5445,-0.1882,-0.0295,1.5449,-0.1956,-0.0407,1.5449,-0.1956,-0.0407,1.5458,-0.1882,-0.0398,1.5563,-0.1902,-0.0398,1.5466,-0.1883,-0.0407,1.5571,-0.1903,-0.0303,1.5563,-0.1902
,-0.0303,1.5466,-0.1883,-0.0407,1.5458,-0.1882,-0.0295,1.5458,-0.1882,-0.0407,1.5572,-0.1922,-0.0303,1.5564,-0.1925,-0.0398,1.5564,-0.1925,-0.0303,1.5469,-0.1953,-0.0398,1.5469,-0.1953,-0.0303,1.5472,-0.1961,-0.0398,1.5472,-0.1961,-0.0303,1.5469,-0.1953,-0.0303,1.5566,-0.1933,-0.0398,1.5564,-0.1925,-0.0303,1.5564,-0.1925,-0.0398,1.5564,-0.1925,-0.0398,1.5469,-0.1953,-0.0398,1.5563,-0.1902
,-0.0398,1.5467,-0.1875,-0.0398,1.5466,-0.1883,-0.0398,1.5563,-0.1902,-0.0303,1.5564,-0.1893,-0.0398,1.5564,-0.1893,-0.0303,1.5466,-0.1883,-0.0303,1.5563,-0.1902,-0.0303,1.5467,-0.1875,0.0395,1.4214,-0.1741,-0.0215,1.4224,-0.1948,-0.0215,1.4213,-0.1741,0.0395,1.4224,-0.1948,-0.0215,1.4234,-0.2155,0.0929,1.499,-0.2117,0.0929,1.5186,-0.1899,0.0929,1.5196,-0.2106,0.0929,1.497,-0.1703
,0.0929,1.498,-0.191,0.0929,1.4214,-0.1741,0.0929,1.4225,-0.1948,0.0929,1.4235,-0.2155,-0.0749,1.4968,-0.1703,-0.0749,1.4223,-0.1948,-0.0749,1.4979,-0.191,-0.0749,1.4989,-0.2117,-0.0749,1.5174,-0.1693,-0.0749,1.5195,-0.2106,-0.0749,1.5185,-0.19,-0.0665,1.5182,-0.1848,-0.0749,1.5174,-0.1693,-0.0665,1.5187,-0.1952,0.0929,1.5186,-0.1899,0.0844,1.5188,-0.1951,0.0844,1.5183,-0.1848
,0.0929,1.5186,-0.1899,0.0929,1.5175,-0.1693,0.0797,1.499,-0.2117,0.0665,1.5196,-0.2106,0.0665,1.499,-0.2117,0.0797,1.5196,-0.2106,0.0798,1.4235,-0.2155,-0.0617,1.4989,-0.2117,-0.0485,1.4234,-0.2155,-0.0486,1.4989,-0.2117,-0.0617,1.4234,-0.2155,-0.0618,1.5195,-0.2106,-0.0486,1.4989,-0.2117,-0.0571,1.5187,-0.1952,-0.0486,1.5195,-0.2106,0.075,1.5188,-0.1951,0.0665,1.5196,-0.2106
,0.0798,1.4225,-0.1948,0.0929,1.4214,-0.1741,0.0929,1.4225,-0.1948,0.0666,1.4214,-0.1741,0.0798,1.4214,-0.1741,0.0929,1.4225,-0.1948,0.0666,1.4224,-0.1948,-0.0617,1.4223,-0.1948,-0.0485,1.4213,-0.1741,-0.0485,1.4224,-0.1948,-0.0749,1.4213,-0.1741,-0.0617,1.4213,-0.1741,-0.0749,1.4223,-0.1948,-0.0618,1.5174,-0.1693,-0.0571,1.5182,-0.1848,-0.0486,1.5174,-0.1693,-0.0749,1.5174,-0.1693
,0.0797,1.5175,-0.1693,0.075,1.5183,-0.1848,0.0665,1.5175,-0.1693,-0.035,1.4989,-0.2117,-0.0486,1.4989,-0.2117,-0.035,1.4234,-0.2155,0.0531,1.4235,-0.2155,0.0666,1.4235,-0.2155,0.053,1.499,-0.2117,-0.035,1.4989,-0.2117,-0.0215,1.499,-0.2117,-0.035,1.4994,-0.2204,-0.0486,1.4989,-0.2117,-0.035,1.4989,-0.2117,0.0665,1.4995,-0.2204,0.053,1.499,-0.2117,0.0665,1.499,-0.2117
,0.053,1.499,-0.2117,0.053,1.4994,-0.2204,0.053,1.5381,-0.2097,0.0665,1.5386,-0.2184,0.0665,1.5381,-0.2097,0.0395,1.5381,-0.2097,0.053,1.5386,-0.2184,-0.0351,1.5381,-0.2097,-0.0216,1.5385,-0.2184,-0.0216,1.5381,-0.2097,-0.0486,1.5385,-0.2184,-0.0351,1.5385,-0.2184,-0.0216,1.5385,-0.2184,-0.0486,1.5385,-0.2184,-0.0351,1.52,-0.2193,0.0665,1.52,-0.2193,0.0395,1.5386,-0.2184
,0.053,1.52,-0.2193,-0.0486,1.5199,-0.2193,0.0665,1.4995,-0.2204,0.0665,1.52,-0.2193,-0.0399,1.5374,-0.1973,-0.0486,1.5381,-0.2097,-0.0303,1.5374,-0.1973,-0.0216,1.5381,-0.2097,0.0482,1.5375,-0.1973,0.0578,1.5375,-0.1973,0.0665,1.5381,-0.2097,-0.035,1.4213,-0.1741,-0.035,1.4224,-0.1948,0.0531,1.4224,-0.1948,0.0531,1.4214,-0.1741,-0.0351,1.536,-0.1683,-0.0303,1.5369,-0.1873
,-0.0216,1.536,-0.1683,-0.0399,1.5369,-0.1873,-0.0486,1.536,-0.1683,0.053,1.5361,-0.1683,0.0578,1.537,-0.1873,0.0665,1.5361,-0.1683,0.0482,1.537,-0.1873,0.0395,1.536,-0.1683,0.0665,1.5371,-0.189,0.0665,1.5175,-0.1693,0.0665,1.5186,-0.19,-0.0486,1.5185,-0.19,-0.0486,1.536,-0.1683,-0.0486,1.5174,-0.1693,-0.0486,1.537,-0.189,-0.0486,1.537,-0.189,-0.0486,1.537,-0.189
,-0.0486,1.5381,-0.2097,0.0665,1.5371,-0.189,0.0665,1.5381,-0.2097,0.0665,1.5371,-0.189,-0.0486,1.5185,-0.19,-0.0486,1.5195,-0.2106,-0.0486,1.5185,-0.19,0.0665,1.5186,-0.19,0.0665,1.5186,-0.19,0.0665,1.5196,-0.2106,0.0394,1.5588,-0.1879,0.0395,1.536,-0.1683,0.0394,1.5578,-0.1672,0.0395,1.5381,-0.2097,0.0395,1.5371,-0.189,-0.0216,1.5598,-0.2086,-0.0216,1.537,-0.189
,-0.0216,1.5588,-0.1879,-0.0216,1.536,-0.1683,-0.0216,1.5588,-0.1879,-0.0125,1.5589,-0.1916,-0.0216,1.5588,-0.1879,-0.0216,1.5577,-0.1672,0.0394,1.5588,-0.1879,0.0394,1.5598,-0.2086,0.0394,1.5588,-0.1879,0.0304,1.559,-0.1916,-0.0125,1.5576,-0.1993,-0.0125,1.5568,-0.1841,0.0304,1.5576,-0.1993,0.0304,1.5569,-0.1841,0.0304,1.5576,-0.1993,-0.0125,1.5572,-0.1917,-0.0125,1.5576,-0.1993
,0.0304,1.5572,-0.1917,-0.0125,1.5568,-0.1841,-0.0216,1.537,-0.189,-0.0216,1.5381,-0.2097,-0.0216,1.537,-0.189,0.0395,1.5371,-0.189,0.0395,1.5371,-0.189,0.0834,1.5199,-0.1835,0.0797,1.5171,-0.1816,0.0797,1.5198,-0.1814,0.087,1.52,-0.1856,0.0834,1.5172,-0.1836,0.087,1.5175,-0.19,0.087,1.5173,-0.1858,0.087,1.5202,-0.1899,0.087,1.5177,-0.1942,0.0834,1.5205,-0.1962
,0.087,1.5204,-0.1941,0.0797,1.5179,-0.1985,0.0834,1.5178,-0.1964,0.076,1.5205,-0.1962,0.0797,1.5206,-0.1983,0.0724,1.5177,-0.1942,0.076,1.5178,-0.1964,0.0723,1.5202,-0.1899,0.0724,1.5204,-0.1941,0.0724,1.52,-0.1856,0.0723,1.5175,-0.19,0.076,1.5172,-0.1836,0.0724,1.5173,-0.1858,0.076,1.5199,-0.1835,0.0797,1.5171,-0.1816,0.0743,1.5204,-0.193,0.0743,1.5201,-0.1868
,0.0797,1.5199,-0.1837,0.0797,1.5198,-0.1814,0.0797,1.5199,-0.1837,0.085,1.5201,-0.1868,0.085,1.5204,-0.193,0.0797,1.5205,-0.196,0.0828,1.5209,-0.1845,0.0828,1.52,-0.1845,0.0859,1.5212,-0.1898,0.0859,1.5202,-0.1899,0.085,1.5214,-0.1929,0.0828,1.5215,-0.1952,0.0828,1.5205,-0.1952,0.0797,1.5215,-0.196,0.0766,1.5205,-0.1952,0.0743,1.5214,-0.1929,0.0766,1.5215,-0.1952
,0.0735,1.5212,-0.1898,0.0735,1.5202,-0.1899,0.0766,1.5209,-0.1845,0.0743,1.521,-0.1867,0.0766,1.5199,-0.1845,0.0797,1.5209,-0.1837,0.0797,1.5199,-0.1837,0.0842,1.5211,-0.1872,0.0849,1.5212,-0.1898,0.0842,1.5213,-0.1924,0.0823,1.5214,-0.1943,0.0771,1.5214,-0.1943,0.0752,1.5213,-0.1924,0.0745,1.5212,-0.1898,0.0752,1.5211,-0.1872,0.0771,1.521,-0.1853,0.0797,1.5209,-0.1837
,0.0823,1.521,-0.1853,0.085,1.5211,-0.1867,0.0849,1.5165,-0.1901,0.0842,1.5167,-0.1926,0.0797,1.5168,-0.1952,0.0797,1.5215,-0.195,0.0771,1.5168,-0.1945,0.0752,1.5167,-0.1926,0.0752,1.5164,-0.1875,0.0771,1.5163,-0.1856,0.0797,1.5209,-0.1846,0.0797,1.5163,-0.1849,0.0797,1.5209,-0.1846,0.0842,1.5164,-0.1875,0.0823,1.5163,-0.1856,0.0797,1.5164,-0.1877,0.0809,1.5164,-0.188
