{"producer":{"name":"Blender","version":"2.83.0","exporter_version":"6.4.1","file":"boy.babylon"},
"autoClear":true,"clearColor":[0.0509,0.0509,0.0509],"gravity":[0,-9.81,0],
"materials":[{"name":"Baked.001","id":"Baked.001","customType":"BABYLON.PBRMaterial","backFaceCulling":true,"checkReadyOnlyOnce":false,"maxSimultaneousLights":4,"environmentIntensity":1,"roughness":0.4667,"alpha":1,"transparencyMode":0,"alphaCutOff":0.4,"metallic":0, 
"albedoTexture":{"name":"z2_Color_s.jpg","level":1,"hasAlpha":false,"coordinatesMode":0,"uOffset":0,"vOffset":0,"uScale":1,"vScale":1,"uAng":0,"vAng":0,"wAng":0,"wrapU":1,"wrapV":1,"coordinatesIndex":0},"useAlphaFromAlbedoTexture":false, 
"reflectivityTexture":{"name":"z2_spec_color_s.jpg","level":1,"hasAlpha":false,"coordinatesMode":0,"uOffset":0,"vOffset":0,"uScale":1,"vScale":1,"uAng":0,"vAng":0,"wAng":0,"wrapU":1,"wrapV":1,"coordinatesIndex":0}, 
"bumpTexture":{"name":"z2_Bump_s.jpg","level":1,"hasAlpha":false,"coordinatesMode":0,"uOffset":0,"vOffset":0,"uScale":1,"vScale":1,"uAng":0,"vAng":0,"wAng":0,"wrapU":1,"wrapV":1,"coordinatesIndex":0}}],
"multiMaterials":[],
"skeletons":[{"name":"RIG","id":0,"dimensionsAtRest":[0.6792,1.7851,0.5837],"bones":[
{"name":"root","index":0,"matrix":[1,0,0,0,0,1,0,0,0,0,-1,0,0,0.9464,0,1],"rest":[1,0,0,0,0,1,0,0,0,0,-1,0,0,0.9464,0,1],"parentBoneIndex":-1,"length":0.2496
,"animation":{"dataType":3,"framePerSecond":24,"keys":[
{"frame":0,"values":[1,0,0,0,0,1,0,0,0,0,-1,0,0,0.8646,0,1]},
{"frame":2,"values":[1,0,0,0,0,1,0,0,0,0,-1,0,0,0.8647,0,1]},
{"frame":4,"values":[1,0,0,0,0,1,0,0,0,0,-1,0,0,0.8649,0,1]},
{"frame":5,"values":[1,0,0,0,0,1,0,0,0,0,-1,0,0,0.8651,0,1]},
{"frame":6,"values":[1,0,0,0,0,1,0,0,0,0,-1,0,0,0.8654,0,1]},
{"frame":7,"values":[1,0,0,0,0,1,0,0,0,0,-1,0,0,0.8658,0,1]},
{"frame":8,"values":[1,0,0,0,0,1,0,0,0,0,-1,0,0,0.8663,0,1]},
{"frame":9,"values":[1,0,0,0,0,1,0,0,0,0,-1,0,0,0.8671,0,1]},
{"frame":10,"values":[1,0,0,0,0,1,0,0,0,0,-1,0,0,0.868,0,1]},
{"frame":11,"values":[1,0,0,0,0,1,0,0,0,0,-1,0,0,0.8691,0,1]},
{"frame":12,"values":[1,0,0,0,0,1,0,0,0,0,-1,0,0,0.8704,0,1]},
{"frame":13,"values":[1,0,0,0,0,1,0,0,0,0,-1,0,0,0.872,0,1]},
{"frame":14,"values":[1,0,0,0,0,1,0,0,0,0,-1,0,0,0.8738,0,1]},
{"frame":15,"values":[1,0,0,0,0,1,0,0,0,0,-1,0,0,0.8759,0,1]},
{"frame":16,"values":[1,0,0,0,0,1,0,0,0,0,-1,0,0,0.8783,0,1]},
{"frame":17,"values":[1,0,0,0,0,1,0,0,0,0,-1,0,0,0.881,0,1]},
{"frame":18,"values":[1,0,0,0,0,1,0,0,0,0,-1,0,0,0.8841,0,1]},
{"frame":19,"values":[1,0,0,0,0,1,0,0,0,0,-1,0,0,0.8875,0,1]},
{"frame":20,"values":[1,0,0,0,0,1,0,0,0,0,-1,0,0,0.8913,0,1]},
{"frame":21,"values":[1,0,0,0,0,1,0,0,0,0,-1,0,0,0.8959,0,1]},
{"frame":22,"values":[1,0,0,0,0,1,0,0,0,0,-1,0,0,0.9017,0,1]},
{"frame":23,"values":[1,0,0,0,0,1,0,0,0,0,-1,0,0,0.9085,0,1]},
{"frame":24,"values":[1,0,0,0,0,1,0,0,0,0,-1,0,0,0.9162,0,1]},
{"frame":25,"values":[1,0,0,0,0,1,0,0,0,0,-1,0,0,0.9245,0,1]},
{"frame":26,"values":[1,0,0,0,0,1,0,0,0,0,-1,0,0,0.9335,0,1]},
{"frame":27,"values":[1,0,0,0,0,1,0,0,0,0,-1,0,0,0.9428,0,1]},
{"frame":28,"values":[1,0,0,0,0,1,0,0,0,0,-1,0,0,0.9524,0,1]},
{"frame":29,"values":[1,0,0,0,0,1,0,0,0,0,-1,0,0,0.9621,0,1]},
{"frame":30,"values":[1,0,0,0,0,1,0,0,0,0,-1,0,0,0.9717,0,1]},
{"frame":31,"values":[1,0,0,0,0,1,0,0,0,0,-1,0,0,0.9811,0,1]},
{"frame":32,"values":[1,0,0,0,0,1,0,0,0,0,-1,0,0,0.9902,0,1]},
{"frame":33,"values":[1,0,0,0,0,1,0,0,0,0,-1,0,0,0.9988,0,1]},
{"frame":34,"values":[1,0,0,0,0,1,0,0,0,0,-1,0,0,1.0067,0,1]},
{"frame":35,"values":[1,0,0,0,0,1,0,0,0,0,-1,0,0,1.0139,0,1]},
{"frame":36,"values":[1,0,0,0,0,1,0,0,0,0,-1,0,0,1.02,0,1]},
{"frame":37,"values":[1,0,0,0,0,1,0,0,0,0,-1,0,0,1.0251,0,1]},
{"frame":38,"values":[1,0,0,0,0,1,0,0,0,0,-1,0,0,1.0289,0,1]},
{"frame":39,"values":[1,0,0,0,0,1,0,0,0,0,-1,0,0,1.0313,0,1]},
{"frame":40,"values":[1,0,0,0,0,1,0,0,0,0,-1,0,0,1.0321,0,1]},
{"frame":41,"values":[1,0,0,0,0,1,0,0,0,0,-1,0,0,1.0313,0,1]},
{"frame":42,"values":[1,0,0,0,0,1,0,0,0,0,-1,0,0,1.0289,0,1]},
{"frame":43,"values":[1,0,0,0,0,1,0,0,0,0,-1,0,0,1.0251,0,1]},
{"frame":44,"values":[1,0,0,0,0,1,0,0,0,0,-1,0,0,1.02,0,1]},
{"frame":45,"values":[1,0,0,0,0,1,0,0,0,0,-1,0,0,1.0139,0,1]},
{"frame":46,"values":[1,0,0,0,0,1,0,0,0,0,-1,0,0,1.0067,0,1]},
{"frame":47,"values":[1,0,0,0,0,1,0,0,0,0,-1,0,0,0.9988,0,1]},
{"frame":48,"values":[1,0,0,0,0,1,0,0,0,0,-1,0,0,0.9902,0,1]},
{"frame":49,"values":[1,0,0,0,0,1,0,0,0,0,-1,0,0,0.9811,0,1]},
{"frame":50,"values":[1,0,0,0,0,1,0,0,0,0,-1,0,0,0.9717,0,1]},
{"frame":51,"values":[1,0,0,0,0,1,0,0,0,0,-1,0,0,0.9621,0,1]},
{"frame":52,"values":[1,0,0,0,0,1,0,0,0,0,-1,0,0,0.9524,0,1]},
{"frame":53,"values":[1,0,0,0,0,1,0,0,0,0,-1,0,0,0.9428,0,1]},
{"frame":54,"values":[1,0,0,0,0,1,0,0,0,0,-1,0,0,0.9335,0,1]},
{"frame":55,"values":[1,0,0,0,0,1,0,0,0,0,-1,0,0,0.9245,0,1]},
{"frame":56,"values":[1,0,0,0,0,1,0,0,0,0,-1,0,0,0.9162,0,1]},
{"frame":57,"values":[1,0,0,0,0,1,0,0,0,0,-1,0,0,0.9085,0,1]},
{"frame":58,"values":[1,0,0,0,0,1,0,0,0,0,-1,0,0,0.9017,0,1]},
{"frame":59,"values":[1,0,0,0,0,1,0,0,0,0,-1,0,0,0.8959,0,1]},
{"frame":60,"values":[1,0,0,0,0,1,0,0,0,0,-1,0,0,0.8913,0,1]},
{"frame":61,"values":[1,0,0,0,0,1,0,0,0,0,-1,0,0,0.8875,0,1]},
{"frame":62,"values":[1,0,0,0,0,1,0,0,0,0,-1,0,0,0.8841,0,1]},
{"frame":63,"values":[1,0,0,0,0,1,0,0,0,0,-1,0,0,0.881,0,1]},
{"frame":64,"values":[1,0,0,0,0,1,0,0,0,0,-1,0,0,0.8783,0,1]},
{"frame":65,"values":[1,0,0,0,0,1,0,0,0,0,-1,0,0,0.8759,0,1]},
{"frame":66,"values":[1,0,0,0,0,1,0,0,0,0,-1,0,0,0.8738,0,1]},
{"frame":67,"values":[1,0,0,0,0,1,0,0,0,0,-1,0,0,0.872,0,1]},
{"frame":68,"values":[1,0,0,0,0,1,0,0,0,0,-1,0,0,0.8704,0,1]},
{"frame":69,"values":[1,0,0,0,0,1,0,0,0,0,-1,0,0,0.8691,0,1]},
{"frame":70,"values":[1,0,0,0,0,1,0,0,0,0,-1,0,0,0.868,0,1]},
{"frame":71,"values":[1,0,0,0,0,1,0,0,0,0,-1,0,0,0.8671,0,1]},
{"frame":72,"values":[1,0,0,0,0,1,0,0,0,0,-1,0,0,0.8663,0,1]},
{"frame":73,"values":[1,0,0,0,0,1,0,0,0,0,-1,0,0,0.8658,0,1]},
{"frame":74,"values":[1,0,0,0,0,1,0,0,0,0,-1,0,0,0.8654,0,1]},
{"frame":75,"values":[1,0,0,0,0,1,0,0,0,0,-1,0,0,0.8651,0,1]},
{"frame":76,"values":[1,0,0,0,0,1,0,0,0,0,-1,0,0,0.8649,0,1]},
{"frame":77,"values":[1,0,0,0,0,1,0,0,0,0,-1,0,0,0.8647,0,1]},
{"frame":79,"values":[1,0,0,0,0,1,0,0,0,0,-1,0,0,0.8646,0,1]},
{"frame":80,"values":[1,0,0,0,0,1,0,0,0,0,-1,0,0,0.8646,0,1]},
{"frame":90,"values":[1,0,0,0,0,1,0,0,0,0,-1,0,0,0.9464,0,1]},
{"frame":170,"values":[1,0,0,0,0,1,0,0,0,0,-1,0,0,0.9464,0,1]},
{"frame":180,"values":[1,0,0,0,0,1,0,0,0,0,-1,0,0,0.9464,0,1]},
{"frame":191,"values":[1,0,0,0,0,1,0,0,0,0,-1,0,0,0.9452,0,1]},
{"frame":192,"values":[1,0,0,0,0,1,0,0,0,0,-1,0,0,0.942,0,1]},
{"frame":193,"values":[1,0,0,0,0,1,0,0,0,0,-1,0,0,0.9373,0,1]},
{"frame":194,"values":[1,0,0,0,0,1,0,0,0,0,-1,0,0,0.9315,0,1]},
{"frame":195,"values":[1,0,0,0,0,1,0,0,0,0,-1,0,0,0.9253,0,1]},
{"frame":196,"values":[1,0,0,0,0,1,0,0,0,0,-1,0,0,0.919,0,1]},
{"frame":197,"values":[1,0,0,0,0,1,0,0,0,0,-1,0,0,0.9132,0,1]},
{"frame":198,"values":[1,0,0,0,0,1,0,0,0,0,-1,0,0,0.9085,0,1]},
{"frame":199,"values":[1,0,0,0,0,1,0,0,0,0,-1,0,0,0.9053,0,1]},
{"frame":200,"values":[1,0,0,0,0,1,0,0,0,0,-1,0,0,0.9041,0,1]},
{"frame":211,"values":[1,0,0,0,0,1,0,0,0,0,-1,0,0,0.9053,0,1]},
{"frame":212,"values":[1,0,0,0,0,1,0,0,0,0,-1,0,0,0.9085,0,1]},
{"frame":213,"values":[1,0,0,0,0,1,0,0,0,0,-1,0,0,0.9132,0,1]},
{"frame":214,"values":[1,0,0,0,0,1,0,0,0,0,-1,0,0,0.919,0,1]},
{"frame":215,"values":[1,0,0,0,0,1,0,0,0,0,-1,0,0,0.9253,0,1]},
{"frame":216,"values":[1,0,0,0,0,1,0,0,0,0,-1,0,0,0.9315,0,1]},
{"frame":217,"values":[1,0,0,0,0,1,0,0,0,0,-1,0,0,0.9373,0,1]},
{"frame":218,"values":[1,0,0,0,0,1,0,0,0,0,-1,0,0,0.942,0,1]},
{"frame":219,"values":[1,0,0,0,0,1,0,0,0,0,-1,0,0,0.9452,0,1]},
{"frame":220,"values":[1,0,0,0,0,1,0,0,0,0,-1,0,0,0.9464,0,1]},
{"frame":231,"values":[1,0,0,0,0,1,0,0,0,0,-1,0,0,0.9452,0,1]},
{"frame":232,"values":[1,0,0,0,0,1,0,0,0,0,-1,0,0,0.942,0,1]},
{"frame":233,"values":[1,0,0,0,0,1,0,0,0,0,-1,0,0,0.9373,0,1]},
{"frame":234,"values":[1,0,0,0,0,1,0,0,0,0,-1,0,0,0.9315,0,1]},
{"frame":235,"values":[1,0,0,0,0,1,0,0,0,0,-1,0,0,0.9253,0,1]},
{"frame":236,"values":[1,0,0,0,0,1,0,0,0,0,-1,0,0,0.919,0,1]},
{"frame":237,"values":[1,0,0,0,0,1,0,0,0,0,-1,0,0,0.9132,0,1]},
{"frame":238,"values":[1,0,0,0,0,1,0,0,0,0,-1,0,0,0.9085,0,1]},
{"frame":239,"values":[1,0,0,0,0,1,0,0,0,0,-1,0,0,0.9053,0,1]},
{"frame":240,"values":[1,0,0,0,0,1,0,0,0,0,-1,0,0,0.9041,0,1]},
{"frame":251,"values":[1,0,0,0,0,1,0,0,0,0,-1,0,0,0.9053,0,1]},
{"frame":252,"values":[1,0,0,0,0,1,0,0,0,0,-1,0,0,0.9085,0,1]},
{"frame":253,"values":[1,0,0,0,0,1,0,0,0,0,-1,0,0,0.9132,0,1]},
{"frame":254,"values":[1,0,0,0,0,1,0,0,0,0,-1,0,0,0.919,0,1]},
{"frame":255,"values":[1,0,0,0,0,1,0,0,0,0,-1,0,0,0.9253,0,1]},
{"frame":256,"values":[1,0,0,0,0,1,0,0,0,0,-1,0,0,0.9315,0,1]},
{"frame":257,"values":[1,0,0,0,0,1,0,0,0,0,-1,0,0,0.9373,0,1]},
{"frame":258,"values":[1,0,0,0,0,1,0,0,0,0,-1,0,0,0.942,0,1]},
{"frame":259,"values":[1,0,0,0,0,1,0,0,0,0,-1,0,0,0.9452,0,1]},
{"frame":260,"values":[1,0,0,0,0,1,0,0,0,0,-1,0,0,0.9464,0,1]}],"loopBehavior":1,"name":"anim","property":"_matrix"}},
{"name":"trunk","index":1,"matrix":[1,0,0,0,0,1,0,0,0,0,1,0,0,0.2496,0,1],"rest":[1,0,0,0,0,1,0,0,0,0,1,0,0,0.2496,0,1],"parentBoneIndex":0,"length":0.3287
,"animation":{"dataType":3,"framePerSecond":24,"keys":[
{"frame":0,"values":[1,0,0,0,0,0.9678,0.2517,0,0,-0.2517,0.9678,0,0,0.2496,0,1]},
{"frame":21,"values":[1,0,0,0,0,0.9683,0.2499,0,0,-0.2499,0.9683,0,0,0.2496,0,1]},
{"frame":22,"values":[1,0,0,0,0,0.9696,0.2449,0,0,-0.2449,0.9696,0,0,0.2496,0,1]},
{"frame":23,"values":[1,0,0,0,0,0.9715,0.2369,0,0,-0.2369,0.9715,0,0,0.2496,0,1]},
{"frame":24,"values":[1,0,0,0,0,0.9741,0.2262,0,0,-0.2262,0.9741,0,0,0.2496,0,1]},
{"frame":25,"values":[1,0,0,0,0,0.977,0.2134,0,0,-0.2134,0.977,0,0,0.2496,0,1]},
{"frame":26,"values":[1,0,0,0,0,0.9801,0.1986,0,0,-0.1986,0.9801,0,0,0.2496,0,1]},
{"frame":27,"values":[1,0,0,0,0,0.9833,0.1822,0,0,-0.1822,0.9833,0,0,0.2496,0,1]},
{"frame":28,"values":[1,0,0,0,0,0.9864,0.1646,0,0,-0.1646,0.9864,0,0,0.2496,0,1]},
{"frame":29,"values":[1,0,0,0,0,0.9892,0.1462,0,0,-0.1462,0.9892,0,0,0.2496,0,1]},
{"frame":30,"values":[1,0,0,0,0,0.9919,0.1274,0,0,-0.1274,0.9919,0,0,0.2496,0,1]},
{"frame":31,"values":[1,0,0,0,0,0.9941,0.1085,0,0,-0.1085,0.9941,0,0,0.2496,0,1]},
{"frame":32,"values":[1,0,0,0,0,0.996,0.0899,0,0,-0.0899,0.996,0,0,0.2496,0,1]},
{"frame":33,"values":[1,0,0,0,0,0.9974,0.072,0,0,-0.072,0.9974,0,0,0.2496,0,1]},
{"frame":34,"values":[1,0,0,0,0,0.9985,0.0552,0,0,-0.0552,0.9985,0,0,0.2496,0,1]},
{"frame":35,"values":[1,0,0,0,0,0.9992,0.04,0,0,-0.04,0.9992,0,0,0.2496,0,1]},
{"frame":36,"values":[1,0,0,0,0,0.9996,0.0266,0,0,-0.0266,0.9996,0,0,0.2496,0,1]},
{"frame":37,"values":[1,0,0,0,0,0.9999,0.0155,0,0,-0.0155,0.9999,0,0,0.2496,0,1]},
{"frame":38,"values":[1,0,0,0,0,1,0.0072,0,0,-0.0072,1,0,0,0.2496,0,1]},
{"frame":39,"values":[1,0,0,0,0,1,0.0019,0,0,-0.0019,1,0,0,0.2496,0,1]},
{"frame":40,"values":[1,0,0,0,0,1,0,0,0,0,1,0,0,0.2496,0,1]},
{"frame":41,"values":[1,0,0,0,0,1,0.0019,0,0,-0.0019,1,0,0,0.2496,0,1]},
{"frame":42,"values":[1,0,0,0,0,1,0.0072,0,0,-0.0072,1,0,0,0.2496,0,1]},
{"frame":43,"values":[1,0,0,0,0,0.9999,0.0155,0,0,-0.0155,0.9999,0,0,0.2496,0,1]},
{"frame":44,"values":[1,0,0,0,0,0.9996,0.0266,0,0,-0.0266,0.9996,0,0,0.2496,0,1]},
{"frame":45,"values":[1,0,0,0,0,0.9992,0.04,0,0,-0.04,0.9992,0,0,0.2496,0,1]},
{"frame":46,"values":[1,0,0,0,0,0.9985,0.0552,0,0,-0.0552,0.9985,0,0,0.2496,0,1]},
{"frame":47,"values":[1,0,0,0,0,0.9974,0.072,0,0,-0.072,0.9974,0,0,0.2496,0,1]},
{"frame":48,"values":[1,0,0,0,0,0.996,0.0899,0,0,-0.0899,0.996,0,0,0.2496,0,1]},
{"frame":49,"values":[1,0,0,0,0,0.9941,0.1085,0,0,-0.1085,0.9941,0,0,0.2496,0,1]},
{"frame":50,"values":[1,0,0,0,0,0.9919,0.1274,0,0,-0.1274,0.9919,0,0,0.2496,0,1]},
{"frame":51,"values":[1,0,0,0,0,0.9892,0.1462,0,0,-0.1462,0.9892,0,0,0.2496,0,1]},
{"frame":52,"values":[1,0,0,0,0,0.9864,0.1646,0,0,-0.1646,0.9864,0,0,0.2496,0,1]},
{"frame":53,"values":[1,0,0,0,0,0.9833,0.1822,0,0,-0.1822,0.9833,0,0,0.2496,0,1]},
{"frame":54,"values":[1,0,0,0,0,0.9801,0.1986,0,0,-0.1986,0.9801,0,0,0.2496,0,1]},
{"frame":55,"values":[1,0,0,0,0,0.977,0.2134,0,0,-0.2134,0.977,0,0,0.2496,0,1]},
{"frame":56,"values":[1,0,0,0,0,0.9741,0.2262,0,0,-0.2262,0.9741,0,0,0.2496,0,1]},
{"frame":57,"values":[1,0,0,0,0,0.9715,0.2369,0,0,-0.2369,0.9715,0,0,0.2496,0,1]},
{"frame":58,"values":[1,0,0,0,0,0.9696,0.2449,0,0,-0.2449,0.9696,0,0,0.2496,0,1]},
{"frame":59,"values":[1,0,0,0,0,0.9683,0.2499,0,0,-0.2499,0.9683,0,0,0.2496,0,1]},
{"frame":60,"values":[1,0,0,0,0,0.9678,0.2517,0,0,-0.2517,0.9678,0,0,0.2496,0,1]},
{"frame":80,"values":[1,0,0,0,0,0.9678,0.2517,0,0,-0.2517,0.9678,0,0,0.2496,0,1]},
{"frame":90,"values":[1,0,0,0,0,1,0,0,0,0,1,0,0,0.2496,0,1]},
{"frame":170,"values":[1,0,0,0,0,1,0,0,0,0,1,0,0,0.2496,0,1]},
{"frame":180,"values":[1,0,0,0,0,1,0,0,0,0,1,0,0,0.2496,0,1]},
{"frame":181,"values":[1,0,0,0,0,1,0.0009,0,0,-0.0009,1,0,0,0.2496,0,1]},
{"frame":182,"values":[1,0,0,0,0,1,0.0033,0,0,-0.0033,1,0,0,0.2496,0,1]},
{"frame":183,"values":[1,0,0,0,0,1,0.0072,0,0,-0.0072,1,0,0,0.2496,0,1]},
{"frame":184,"values":[1,0,0,0,0,0.9999,0.0123,0,0,-0.0123,0.9999,0,0,0.2496,0,1]},
{"frame":185,"values":[1,0,0,0,0,0.9998,0.0185,0,0,-0.0185,0.9998,0,0,0.2496,0,1]},
{"frame":186,"values":[1,0,0,0,0,0.9997,0.0256,0,0,-0.0256,0.9997,0,0,0.2496,0,1]},
{"frame":187,"values":[1,0,0,0,0,0.9994,0.0334,0,0,-0.0334,0.9994,0,0,0.2496,0,1]},
{"frame":188,"values":[1,0,0,0,0,0.9991,0.0417,0,0,-0.0417,0.9991,0,0,0.2496,0,1]},
{"frame":189,"values":[1,0,0,0,0,0.9987,0.0503,0,0,-0.0503,0.9987,0,0,0.2496,0,1]},
{"frame":190,"values":[1,0,0,0,0,0.9982,0.0592,0,0,-0.0592,0.9982,0,0,0.2496,0,1]},
{"frame":191,"values":[1,0,0,0,0,0.9977,0.068,0,0,-0.068,0.9977,0,0,0.2496,0,1]},
{"frame":192,"values":[1,0,0,0,0,0.9971,0.0766,0,0,-0.0766,0.9971,0,0,0.2496,0,1]},
{"frame":193,"values":[1,0,0,0,0,0.9964,0.0849,0,0,-0.0849,0.9964,0,0,0.2496,0,1]},
{"frame":194,"values":[1,0,0,0,0,0.9957,0.0926,0,0,-0.0926,0.9957,0,0,0.2496,0,1]},
{"frame":195,"values":[1,0,0,0,0,0.995,0.0997,0,0,-0.0997,0.995,0,0,0.2496,0,1]},
{"frame":196,"values":[1,0,0,0,0,0.9944,0.1058,0,0,-0.1058,0.9944,0,0,0.2496,0,1]},
{"frame":197,"values":[1,0,0,0,0,0.9938,0.1109,0,0,-0.1109,0.9938,0,0,0.2496,0,1]},
{"frame":198,"values":[1,0,0,0,0,0.9934,0.1147,0,0,-0.1147,0.9934,0,0,0.2496,0,1]},
{"frame":199,"values":[1,0,0,0,0,0.9931,0.1171,0,0,-0.1171,0.9931,0,0,0.2496,0,1]},
{"frame":200,"values":[1,0,0,0,0,0.993,0.118,0,0,-0.118,0.993,0,0,0.2496,0,1]},
{"frame":201,"values":[1,0,0,0,0,0.9931,0.1171,0,0,-0.1171,0.9931,0,0,0.2496,0,1]},
{"frame":202,"values":[1,0,0,0,0,0.9934,0.1147,0,0,-0.1147,0.9934,0,0,0.2496,0,1]},
{"frame":203,"values":[1,0,0,0,0,0.9938,0.1109,0,0,-0.1109,0.9938,0,0,0.2496,0,1]},
{"frame":204,"values":[1,0,0,0,0,0.9944,0.1058,0,0,-0.1058,0.9944,0,0,0.2496,0,1]},
{"frame":205,"values":[1,0,0,0,0,0.995,0.0997,0,0,-0.0997,0.995,0,0,0.2496,0,1]},
{"frame":206,"values":[1,0,0,0,0,0.9957,0.0926,0,0,-0.0926,0.9957,0,0,0.2496,0,1]},
{"frame":207,"values":[1,0,0,0,0,0.9964,0.0849,0,0,-0.0849,0.9964,0,0,0.2496,0,1]},
{"frame":208,"values":[1,0,0,0,0,0.9971,0.0766,0,0,-0.0766,0.9971,0,0,0.2496,0,1]},
{"frame":209,"values":[1,0,0,0,0,0.9977,0.068,0,0,-0.068,0.9977,0,0,0.2496,0,1]},
{"frame":210,"values":[1,0,0,0,0,0.9982,0.0592,0,0,-0.0592,0.9982,0,0,0.2496,0,1]},
{"frame":211,"values":[1,0,0,0,0,0.9987,0.0503,0,0,-0.0503,0.9987,0,0,0.2496,0,1]},
{"frame":212,"values":[1,0,0,0,0,0.9991,0.0417,0,0,-0.0417,0.9991,0,0,0.2496,0,1]},
{"frame":213,"values":[1,0,0,0,0,0.9994,0.0334,0,0,-0.0334,0.9994,0,0,0.2496,0,1]},
{"frame":214,"values":[1,0,0,0,0,0.9997,0.0256,0,0,-0.0256,0.9997,0,0,0.2496,0,1]},
{"frame":215,"values":[1,0,0,0,0,0.9998,0.0185,0,0,-0.0185,0.9998,0,0,0.2496,0,1]},
{"frame":216,"values":[1,0,0,0,0,0.9999,0.0123,0,0,-0.0123,0.9999,0,0,0.2496,0,1]},
{"frame":217,"values":[1,0,0,0,0,1,0.0072,0,0,-0.0072,1,0,0,0.2496,0,1]},
{"frame":218,"values":[1,0,0,0,0,1,0.0033,0,0,-0.0033,1,0,0,0.2496,0,1]},
{"frame":219,"values":[1,0,0,0,0,1,0.0009,0,0,-0.0009,1,0,0,0.2496,0,1]},
{"frame":220,"values":[1,0,0,0,0,1,0,0,0,0,1,0,0,0.2496,0,1]},
{"frame":221,"values":[1,0,0,0,0,1,0.0009,0,0,-0.0009,1,0,0,0.2496,0,1]},
{"frame":222,"values":[1,0,0,0,0,1,0.0033,0,0,-0.0033,1,0,0,0.2496,0,1]},
{"frame":223,"values":[1,0,0,0,0,1,0.0072,0,0,-0.0072,1,0,0,0.2496,0,1]},
{"frame":224,"values":[1,0,0,0,0,0.9999,0.0123,0,0,-0.0123,0.9999,0,0,0.2496,0,1]},
{"frame":225,"values":[1,0,0,0,0,0.9998,0.0185,0,0,-0.0185,0.9998,0,0,0.2496,0,1]},
{"frame":226,"values":[1,0,0,0,0,0.9997,0.0256,0,0,-0.0256,0.9997,0,0,0.2496,0,1]},
{"frame":227,"values":[1,0,0,0,0,0.9994,0.0334,0,0,-0.0334,0.9994,0,0,0.2496,0,1]},
{"frame":228,"values":[1,0,0,0,0,0.9991,0.0417,0,0,-0.0417,0.9991,0,0,0.2496,0,1]},
{"frame":229,"values":[1,0,0,0,0,0.9987,0.0503,0,0,-0.0503,0.9987,0,0,0.2496,0,1]},
{"frame":230,"values":[1,0,0,0,0,0.9982,0.0592,0,0,-0.0592,0.9982,0,0,0.2496,0,1]},
{"frame":231,"values":[1,0,0,0,0,0.9977,0.068,0,0,-0.068,0.9977,0,0,0.2496,0,1]},
{"frame":232,"values":[1,0,0,0,0,0.9971,0.0766,0,0,-0.0766,0.9971,0,0,0.2496,0,1]},
{"frame":233,"values":[1,0,0,0,0,0.9964,0.0849,0,0,-0.0849,0.9964,0,0,0.2496,0,1]},
{"frame":234,"values":[1,0,0,0,0,0.9957,0.0926,0,0,-0.0926,0.9957,0,0,0.2496,0,1]},
{"frame":235,"values":[1,0,0,0,0,0.995,0.0997,0,0,-0.0997,0.995,0,0,0.2496,0,1]},
{"frame":236,"values":[1,0,0,0,0,0.9944,0.1058,0,0,-0.1058,0.9944,0,0,0.2496,0,1]},
{"frame":237,"values":[1,0,0,0,0,0.9938,0.1109,0,0,-0.1109,0.9938,0,0,0.2496,0,1]},
{"frame":238,"values":[1,0,0,0,0,0.9934,0.1147,0,0,-0.1147,0.9934,0,0,0.2496,0,1]},
{"frame":239,"values":[1,0,0,0,0,0.9931,0.1171,0,0,-0.1171,0.9931,0,0,0.2496,0,1]},
{"frame":240,"values":[1,0,0,0,0,0.993,0.118,0,0,-0.118,0.993,0,0,0.2496,0,1]},
{"frame":241,"values":[1,0,0,0,0,0.9931,0.1171,0,0,-0.1171,0.9931,0,0,0.2496,0,1]},
{"frame":242,"values":[1,0,0,0,0,0.9934,0.1147,0,0,-0.1147,0.9934,0,0,0.2496,0,1]},
{"frame":243,"values":[1,0,0,0,0,0.9938,0.1109,0,0,-0.1109,0.9938,0,0,0.2496,0,1]},
{"frame":244,"values":[1,0,0,0,0,0.9944,0.1058,0,0,-0.1058,0.9944,0,0,0.2496,0,1]},
{"frame":245,"values":[1,0,0,0,0,0.995,0.0997,0,0,-0.0997,0.995,0,0,0.2496,0,1]},
{"frame":246,"values":[1,0,0,0,0,0.9957,0.0926,0,0,-0.0926,0.9957,0,0,0.2496,0,1]},
{"frame":247,"values":[1,0,0,0,0,0.9964,0.0849,0,0,-0.0849,0.9964,0,0,0.2496,0,1]},
{"frame":248,"values":[1,0,0,0,0,0.9971,0.0766,0,0,-0.0766,0.9971,0,0,0.2496,0,1]},
{"frame":249,"values":[1,0,0,0,0,0.9977,0.068,0,0,-0.068,0.9977,0,0,0.2496,0,1]},
{"frame":250,"values":[1,0,0,0,0,0.9982,0.0592,0,0,-0.0592,0.9982,0,0,0.2496,0,1]},
{"frame":251,"values":[1,0,0,0,0,0.9987,0.0503,0,0,-0.0503,0.9987,0,0,0.2496,0,1]},
{"frame":252,"values":[1,0,0,0,0,0.9991,0.0417,0,0,-0.0417,0.9991,0,0,0.2496,0,1]},
{"frame":253,"values":[1,0,0,0,0,0.9994,0.0334,0,0,-0.0334,0.9994,0,0,0.2496,0,1]},
{"frame":254,"values":[1,0,0,0,0,0.9997,0.0256,0,0,-0.0256,0.9997,0,0,0.2496,0,1]},
{"frame":255,"values":[1,0,0,0,0,0.9998,0.0185,0,0,-0.0185,0.9998,0,0,0.2496,0,1]},
{"frame":256,"values":[1,0,0,0,0,0.9999,0.0123,0,0,-0.0123,0.9999,0,0,0.2496,0,1]},
{"frame":257,"values":[1,0,0,0,0,1,0.0072,0,0,-0.0072,1,0,0,0.2496,0,1]},
{"frame":258,"values":[1,0,0,0,0,1,0.0033,0,0,-0.0033,1,0,0,0.2496,0,1]},
{"frame":259,"values":[1,0,0,0,0,1,0.0009,0,0,-0.0009,1,0,0,0.2496,0,1]},
{"frame":260,"values":[1,0,0,0,0,1,0,0,0,0,1,0,0,0.2496,0,1]}],"loopBehavior":1,"name":"anim","property":"_matrix"}},
{"name":"head","index":2,"matrix":[1,0,0,0,0,1,0,0,0,0,1,0,0,0.1647,0,1],"rest":[1,0,0,0,0,1,0,0,0,0,1,0,0,0.1647,0,1],"parentBoneIndex":55,"length":0.1392
,"animation":{"dataType":3,"framePerSecond":24,"keys":[
{"frame":0,"values":[1,0,0,0,0,1,0,0,0,0,1,0,0,0.1647,0,1]},
{"frame":80,"values":[1,0,0,0,0,1,0,0,0,0,1,0,0,0.1647,0,1]},
{"frame":90,"values":[1,0,0,0,0,1,0,0,0,0,1,0,0,0.1647,0,1]},
{"frame":170,"values":[1,0,0,0,0,1,0,0,0,0,1,0,0,0.1647,0,1]},
{"frame":180,"values":[1,0,0,0,0,1,0,0,0,0,1,0,0,0.1647,0,1]},
{"frame":260,"values":[1,0,0,0,0,1,0,0,0,0,1,0,0,0.1647,0,1]}],"loopBehavior":1,"name":"anim","property":"_matrix"}},
{"name":"upperArm.L","index":3,"matrix":[0.6823,0.6942,0.2291,0,0.2291,-0.5007,0.8348,0,0.6942,-0.5171,-0.5007,0,0.2588,0.2968,0,1],"rest":[0.6823,0.6942,0.2291,0,0.2291,-0.5007,0.8348,0,0.6942,-0.5171,-0.5007,0,0.2588,0.2968,0,1],"parentBoneIndex":1,"length":0.2911
,"animation":{"dataType":3,"framePerSecond":24,"keys":[
{"frame":0,"values":[0.7221,0.6162,0.3144,0,0.4063,-0.7457,0.5281,0,0.5598,-0.2536,-0.7889,0,0.2588,0.2968,0,1]},
{"frame":1,"values":[0.7217,0.6169,0.314,0,0.4043,-0.7438,0.5322,0,0.5619,-0.2571,-0.7863,0,0.2588,0.2968,0,1]},
{"frame":2,"values":[0.7204,0.6191,0.3127,0,0.3985,-0.7385,0.5439,0,0.5677,-0.2672,-0.7787,0,0.2588,0.2968,0,1]},
{"frame":3,"values":[0.7184,0.6224,0.3106,0,0.3891,-0.7297,0.5623,0,0.5766,-0.2831,-0.7664,0,0.2588,0.2968,0,1]},
{"frame":4,"values":[0.7158,0.6269,0.3077,0,0.3762,-0.7174,0.5863,0,0.5883,-0.3039,-0.7494,0,0.2588,0.2968,0,1]},
{"frame":5,"values":[0.7128,0.6321,0.3039,0,0.3602,-0.7017,0.6148,0,0.6019,-0.3287,-0.7278,0,0.2588,0.2968,0,1]},
{"frame":6,"values":[0.7094,0.6381,0.2993,0,0.3411,-0.6824,0.6465,0,0.6168,-0.3565,-0.7018,0,0.2588,0.2968,0,1]},
{"frame":7,"values":[0.7058,0.6446,0.2939,0,0.3192,-0.6598,0.6803,0,0.6324,-0.3863,-0.6714,0,0.2588,0.2968,0,1]},
{"frame":8,"values":[0.7022,0.6513,0.2877,0,0.2949,-0.6339,0.715,0,0.648,-0.4172,-0.6372,0,0.2588,0.2968,0,1]},
{"frame":9,"values":[0.6986,0.6581,0.2809,0,0.2687,-0.6051,0.7494,0,0.6631,-0.4481,-0.5996,0,0.2588,0.2968,0,1]},
{"frame":10,"values":[0.6952,0.6647,0.2735,0,0.241,-0.574,0.7826,0,0.6772,-0.4782,-0.5593,0,0.2588,0.2968,0,1]},
{"frame":11,"values":[0.6921,0.6711,0.2656,0,0.2125,-0.5412,0.8136,0,0.6898,-0.5067,-0.5172,0,0.2588,0.2968,0,1]},
{"frame":12,"values":[0.6894,0.677,0.2576,0,0.1839,-0.5076,0.8418,0,0.7007,-0.5329,-0.4744,0,0.2588,0.2968,0,1]},
{"frame":13,"values":[0.687,0.6824,0.2496,0,0.156,-0.4741,0.8666,0,0.7097,-0.5564,-0.4322,0,0.2588,0.2968,0,1]},
{"frame":14,"values":[0.685,0.6872,0.2419,0,0.1296,-0.4417,0.8878,0,0.7169,-0.5768,-0.3916,0,0.2588,0.2968,0,1]},
{"frame":15,"values":[0.6834,0.6912,0.2347,0,0.1053,-0.4115,0.9053,0,0.7224,-0.594,-0.3541,0,0.2588,0.2968,0,1]},
{"frame":16,"values":[0.6822,0.6946,0.2283,0,0.084,-0.3847,0.9192,0,0.7263,-0.6079,-0.3208,0,0.2588,0.2968,0,1]},
{"frame":17,"values":[0.6813,0.6972,0.223,0,0.0663,-0.3621,0.9298,0,0.729,-0.6187,-0.2929,0,0.2588,0.2968,0,1]},
{"frame":18,"values":[0.6807,0.6991,0.2188,0,0.0529,-0.3449,0.9372,0,0.7306,-0.6264,-0.2717,0,0.2588,0.2968,0,1]},
{"frame":19,"values":[0.6804,0.7002,0.2162,0,0.0444,-0.3339,0.9416,0,0.7315,-0.631,-0.2582,0,0.2588,0.2968,0,1]},
{"frame":20,"values":[0.6802,0.7006,0.2153,0,0.0414,-0.33,0.9431,0,0.7318,-0.6326,-0.2535,0,0.2588,0.2968,0,1]},
{"frame":21,"values":[0.6803,0.7004,0.2158,0,0.0434,-0.3325,0.9421,0,0.7316,-0.6316,-0.2566,0,0.2588,0.2968,0,1]},
{"frame":22,"values":[0.6805,0.6998,0.2174,0,0.0491,-0.3396,0.9393,0,0.7311,-0.6285,-0.2654,0,0.2588,0.2968,0,1]},
{"frame":23,"values":[0.6808,0.6987,0.2198,0,0.0581,-0.3507,0.9347,0,0.7301,-0.6236,-0.2793,0,0.2588,0.2968,0,1]},
{"frame":24,"values":[0.6813,0.6972,0.223,0,0.07,-0.3652,0.9283,0,0.7286,-0.6168,-0.2976,0,0.2588,0.2968,0,1]},
{"frame":25,"values":[0.6819,0.6954,0.2267,0,0.0843,-0.3827,0.92,0,0.7265,-0.6083,-0.3196,0,0.2588,0.2968,0,1]},
{"frame":26,"values":[0.6827,0.6932,0.231,0,0.1007,-0.4025,0.9099,0,0.7237,-0.5979,-0.3446,0,0.2588,0.2968,0,1]},
{"frame":27,"values":[0.6837,0.6907,0.2357,0,0.1187,-0.4239,0.8979,0,0.7201,-0.5859,-0.3718,0,0.2588,0.2968,0,1]},
{"frame":28,"values":[0.6848,0.6879,0.2406,0,0.1378,-0.4465,0.8841,0,0.7156,-0.5723,-0.4005,0,0.2588,0.2968,0,1]},
{"frame":29,"values":[0.6861,0.6848,0.2456,0,0.1576,-0.4695,0.8688,0,0.7102,-0.5573,-0.43,0,0.2588,0.2968,0,1]},
{"frame":30,"values":[0.6875,0.6815,0.2507,0,0.1776,-0.4925,0.852,0,0.7041,-0.5413,-0.4597,0,0.2588,0.2968,0,1]},
{"frame":31,"values":[0.6891,0.6781,0.2555,0,0.1974,-0.515,0.8342,0,0.6973,-0.5244,-0.4887,0,0.2588,0.2968,0,1]},
{"frame":32,"values":[0.6908,0.6746,0.2602,0,0.2165,-0.5364,0.8157,0,0.6899,-0.5071,-0.5166,0,0.2588,0.2968,0,1]},
{"frame":33,"values":[0.6924,0.6712,0.2646,0,0.2347,-0.5563,0.7972,0,0.6823,-0.4899,-0.5427,0,0.2588,0.2968,0,1]},
{"frame":34,"values":[0.6941,0.6679,0.2685,0,0.2513,-0.5744,0.779,0,0.6746,-0.4732,-0.5666,0,0.2588,0.2968,0,1]},
{"frame":35,"values":[0.6957,0.6649,0.272,0,0.2663,-0.5904,0.7619,0,0.6672,-0.4576,-0.5878,0,0.2588,0.2968,0,1]},
{"frame":36,"values":[0.6971,0.6621,0.275,0,0.2792,-0.604,0.7465,0,0.6604,-0.4436,-0.6059,0,0.2588,0.2968,0,1]},
{"frame":37,"values":[0.6983,0.6598,0.2774,0,0.2897,-0.615,0.7334,0,0.6545,-0.4318,-0.6206,0,0.2588,0.2968,0,1]},
{"frame":38,"values":[0.6993,0.6581,0.2792,0,0.2975,-0.6231,0.7234,0,0.65,-0.4228,-0.6315,0,0.2588,0.2968,0,1]},
{"frame":39,"values":[0.6999,0.6569,0.2803,0,0.3025,-0.6282,0.7169,0,0.647,-0.417,-0.6383,0,0.2588,0.2968,0,1]},
{"frame":40,"values":[0.7001,0.6565,0.2807,0,0.3042,-0.6299,0.7146,0,0.646,-0.4149,-0.6407,0,0.2588,0.2968,0,1]},
{"frame":41,"values":[0.6999,0.6569,0.2803,0,0.3025,-0.6282,0.7169,0,0.647,-0.417,-0.6383,0,0.2588,0.2968,0,1]},
{"frame":42,"values":[0.6993,0.6581,0.2792,0,0.2975,-0.6231,0.7234,0,0.65,-0.4228,-0.6315,0,0.2588,0.2968,0,1]},
{"frame":43,"values":[0.6983,0.6598,0.2774,0,0.2897,-0.615,0.7334,0,0.6545,-0.4318,-0.6206,0,0.2588,0.2968,0,1]},
{"frame":44,"values":[0.6971,0.6621,0.275,0,0.2792,-0.604,0.7465,0,0.6604,-0.4436,-0.6059,0,0.2588,0.2968,0,1]},
{"frame":45,"values":[0.6957,0.6649,0.272,0,0.2663,-0.5904,0.7619,0,0.6672,-0.4576,-0.5878,0,0.2588,0.2968,0,1]},
{"frame":46,"values":[0.6941,0.6679,0.2685,0,0.2513,-0.5744,0.779,0,0.6746,-0.4732,-0.5666,0,0.2588,0.2968,0,1]},
{"frame":47,"values":[0.6924,0.6712,0.2646,0,0.2347,-0.5563,0.7972,0,0.6823,-0.4899,-0.5427,0,0.2588,0.2968,0,1]},
{"frame":48,"values":[0.6908,0.6746,0.2602,0,0.2165,-0.5364,0.8157,0,0.6899,-0.5071,-0.5166,0,0.2588,0.2968,0,1]},
{"frame":49,"values":[0.6891,0.6781,0.2555,0,0.1974,-0.515,0.8342,0,0.6973,-0.5244,-0.4887,0,0.2588,0.2968,0,1]},
{"frame":50,"values":[0.6875,0.6815,0.2507,0,0.1776,-0.4925,0.852,0,0.7041,-0.5413,-0.4597,0,0.2588,0.2968,0,1]},
{"frame":51,"values":[0.6861,0.6848,0.2456,0,0.1576,-0.4695,0.8688,0,0.7102,-0.5573,-0.43,0,0.2588,0.2968,0,1]},
{"frame":52,"values":[0.6848,0.6879,0.2406,0,0.1378,-0.4465,0.8841,0,0.7156,-0.5723,-0.4005,0,0.2588,0.2968,0,1]},
{"frame":53,"values":[0.6837,0.6907,0.2357,0,0.1187,-0.4239,0.8979,0,0.7201,-0.5859,-0.3718,0,0.2588,0.2968,0,1]},
{"frame":54,"values":[0.6827,0.6932,0.231,0,0.1007,-0.4025,0.9099,0,0.7237,-0.5979,-0.3446,0,0.2588,0.2968,0,1]},
{"frame":55,"values":[0.6819,0.6954,0.2267,0,0.0843,-0.3827,0.92,0,0.7265,-0.6083,-0.3196,0,0.2588,0.2968,0,1]},
{"frame":56,"values":[0.6813,0.6972,0.223,0,0.07,-0.3652,0.9283,0,0.7286,-0.6168,-0.2976,0,0.2588,0.2968,0,1]},
{"frame":57,"values":[0.6808,0.6987,0.2198,0,0.0581,-0.3507,0.9347,0,0.7301,-0.6236,-0.2793,0,0.2588,0.2968,0,1]},
{"frame":58,"values":[0.6805,0.6998,0.2174,0,0.0491,-0.3396,0.9393,0,0.7311,-0.6285,-0.2654,0,0.2588,0.2968,0,1]},
{"frame":59,"values":[0.6803,0.7004,0.2158,0,0.0434,-0.3325,0.9421,0,0.7316,-0.6316,-0.2566,0,0.2588,0.2968,0,1]},
{"frame":60,"values":[0.6802,0.7006,0.2153,0,0.0414,-0.33,0.9431,0,0.7318,-0.6326,-0.2535,0,0.2588,0.2968,0,1]},
{"frame":61,"values":[0.6804,0.7002,0.2162,0,0.0444,-0.3339,0.9416,0,0.7315,-0.631,-0.2582,0,0.2588,0.2968,0,1]},
{"frame":62,"values":[0.6807,0.6991,0.2188,0,0.0529,-0.3449,0.9372,0,0.7306,-0.6264,-0.2717,0,0.2588,0.2968,0,1]},
{"frame":63,"values":[0.6813,0.6972,0.223,0,0.0663,-0.3621,0.9298,0,0.729,-0.6187,-0.2929,0,0.2588,0.2968,0,1]},
{"frame":64,"values":[0.6822,0.6946,0.2283,0,0.084,-0.3847,0.9192,0,0.7263,-0.6079,-0.3208,0,0.2588,0.2968,0,1]},
{"frame":65,"values":[0.6834,0.6912,0.2347,0,0.1053,-0.4115,0.9053,0,0.7224,-0.594,-0.3541,0,0.2588,0.2968,0,1]},
{"frame":66,"values":[0.685,0.6872,0.2419,0,0.1296,-0.4417,0.8878,0,0.7169,-0.5768,-0.3916,0,0.2588,0.2968,0,1]},
{"frame":67,"values":[0.687,0.6824,0.2496,0,0.156,-0.4741,0.8666,0,0.7097,-0.5564,-0.4322,0,0.2588,0.2968,0,1]},
{"frame":68,"values":[0.6894,0.677,0.2576,0,0.1839,-0.5076,0.8418,0,0.7007,-0.5329,-0.4744,0,0.2588,0.2968,0,1]},
{"frame":69,"values":[0.6921,0.6711,0.2656,0,0.2125,-0.5412,0.8136,0,0.6898,-0.5067,-0.5172,0,0.2588,0.2968,0,1]},
{"frame":70,"values":[0.6952,0.6647,0.2735,0,0.241,-0.574,0.7826,0,0.6772,-0.4782,-0.5593,0,0.2588,0.2968,0,1]},
{"frame":71,"values":[0.6986,0.6581,0.2809,0,0.2687,-0.6051,0.7494,0,0.6631,-0.4481,-0.5996,0,0.2588,0.2968,0,1]},
{"frame":72,"values":[0.7022,0.6513,0.2877,0,0.2949,-0.6339,0.715,0,0.648,-0.4172,-0.6372,0,0.2588,0.2968,0,1]},
{"frame":73,"values":[0.7058,0.6446,0.2939,0,0.3192,-0.6598,0.6803,0,0.6324,-0.3863,-0.6714,0,0.2588,0.2968,0,1]},
{"frame":74,"values":[0.7094,0.6381,0.2993,0,0.3411,-0.6824,0.6465,0,0.6168,-0.3565,-0.7018,0,0.2588,0.2968,0,1]},
{"frame":75,"values":[0.7128,0.6321,0.3039,0,0.3602,-0.7017,0.6148,0,0.6019,-0.3287,-0.7278,0,0.2588,0.2968,0,1]},
{"frame":76,"values":[0.7158,0.6269,0.3077,0,0.3762,-0.7174,0.5863,0,0.5883,-0.3039,-0.7494,0,0.2588,0.2968,0,1]},
{"frame":77,"values":[0.7184,0.6224,0.3106,0,0.3891,-0.7297,0.5623,0,0.5766,-0.2831,-0.7664,0,0.2588,0.2968,0,1]},
{"frame":78,"values":[0.7204,0.6191,0.3127,0,0.3985,-0.7385,0.5439,0,0.5677,-0.2672,-0.7787,0,0.2588,0.2968,0,1]},
{"frame":79,"values":[0.7217,0.6169,0.314,0,0.4043,-0.7438,0.5322,0,0.5619,-0.2571,-0.7863,0,0.2588,0.2968,0,1]},
{"frame":80,"values":[0.7221,0.6162,0.3144,0,0.4063,-0.7457,0.5281,0,0.5598,-0.2536,-0.7889,0,0.2588,0.2968,0,1]},
{"frame":90,"values":[0.6823,0.6942,0.2291,0,0.2291,-0.5007,0.8348,0,0.6942,-0.5171,-0.5007,0,0.2588,0.2968,0,1]},
{"frame":170,"values":[0.6823,0.6942,0.2291,0,0.2291,-0.5007,0.8348,0,0.6942,-0.5171,-0.5007,0,0.2588,0.2968,0,1]},
{"frame":180,"values":[0.6823,0.6942,0.2291,0,0.2291,-0.5007,0.8348,0,0.6942,-0.5171,-0.5007,0,0.2588,0.2968,0,1]},
{"frame":181,"values":[0.6823,0.6942,0.2291,0,0.2286,-0.5003,0.8351,0,0.6944,-0.5175,-0.5001,0,0.2588,0.2968,0,1]},
{"frame":182,"values":[0.6823,0.6942,0.229,0,0.2272,-0.4992,0.8362,0,0.6948,-0.5185,-0.4984,0,0.2588,0.2968,0,1]},
{"frame":183,"values":[0.6823,0.6943,0.2289,0,0.2252,-0.4975,0.8377,0,0.6955,-0.52,-0.4959,0,0.2588,0.2968,0,1]},
{"frame":184,"values":[0.6822,0.6945,0.2287,0,0.2229,-0.4954,0.8396,0,0.6963,-0.5218,-0.4927,0,0.2588,0.2968,0,1]},
{"frame":185,"values":[0.6821,0.6947,0.2282,0,0.2203,-0.4929,0.8417,0,0.6973,-0.5239,-0.4893,0,0.2588,0.2968,0,1]},
{"frame":186,"values":[0.6819,0.6951,0.2276,0,0.2178,-0.4901,0.844,0,0.6982,-0.526,-0.4856,0,0.2588,0.2968,0,1]},
{"frame":187,"values":[0.6817,0.6956,0.2267,0,0.2157,-0.4872,0.8462,0,0.6991,-0.528,-0.4822,0,0.2588,0.2968,0,1]},
{"frame":188,"values":[0.6814,0.6963,0.2255,0,0.214,-0.4843,0.8483,0,0.6999,-0.5298,-0.479,0,0.2588,0.2968,0,1]},
{"frame":189,"values":[0.681,0.6972,0.224,0,0.2132,-0.4814,0.8502,0,0.7005,-0.5312,-0.4765,0,0.2588,0.2968,0,1]},
{"frame":190,"values":[0.6805,0.6982,0.2221,0,0.2133,-0.4788,0.8516,0,0.701,-0.5321,-0.4748,0,0.2588,0.2968,0,1]},
{"frame":191,"values":[0.6797,0.6999,0.2192,0,0.2148,-0.4758,0.8529,0,0.7013,-0.5327,-0.4738,0,0.2588,0.2968,0,1]},
{"frame":192,"values":[0.6786,0.7024,0.2149,0,0.2176,-0.4716,0.8545,0,0.7015,-0.5331,-0.4729,0,0.2588,0.2968,0,1]},
{"frame":193,"values":[0.6771,0.7054,0.2095,0,0.2214,-0.4668,0.8562,0,0.7018,-0.5334,-0.4722,0,0.2588,0.2968,0,1]},
{"frame":194,"values":[0.6755,0.7087,0.2036,0,0.2257,-0.4616,0.8579,0,0.702,-0.5336,-0.4717,0,0.2588,0.2968,0,1]},
{"frame":195,"values":[0.6738,0.7121,0.1974,0,0.2303,-0.4562,0.8596,0,0.7022,-0.5337,-0.4713,0,0.2588,0.2968,0,1]},
{"frame":196,"values":[0.6721,0.7153,0.1915,0,0.2348,-0.4511,0.8611,0,0.7023,-0.5337,-0.4711,0,0.2588,0.2968,0,1]},
{"frame":197,"values":[0.6705,0.7182,0.1861,0,0.2388,-0.4465,0.8623,0,0.7024,-0.5337,-0.4709,0,0.2588,0.2968,0,1]},
{"frame":198,"values":[0.6692,0.7205,0.1818,0,0.2422,-0.4428,0.8633,0,0.7025,-0.5337,-0.4708,0,0.2588,0.2968,0,1]},
{"frame":199,"values":[0.6684,0.722,0.1789,0,0.2444,-0.4404,0.8639,0,0.7025,-0.5337,-0.4708,0,0.2588,0.2968,0,1]},
{"frame":200,"values":[0.668,0.7225,0.1779,0,0.2452,-0.4395,0.8641,0,0.7025,-0.5337,-0.4708,0,0.2588,0.2968,0,1]},
{"frame":201,"values":[0.6683,0.7221,0.1788,0,0.2447,-0.4404,0.8638,0,0.7025,-0.5335,-0.4711,0,0.2588,0.2968,0,1]},
{"frame":202,"values":[0.669,0.7208,0.1813,0,0.2434,-0.443,0.8628,0,0.7022,-0.5331,-0.4718,0,0.2588,0.2968,0,1]},
{"frame":203,"values":[0.6701,0.7188,0.1851,0,0.2415,-0.4469,0.8614,0,0.7019,-0.5325,-0.4731,0,0.2588,0.2968,0,1]},
{"frame":204,"values":[0.6715,0.7163,0.1898,0,0.239,-0.4519,0.8595,0,0.7014,-0.5318,-0.4746,0,0.2588,0.2968,0,1]},
{"frame":205,"values":[0.673,0.7134,0.1952,0,0.2363,-0.4575,0.8572,0,0.7009,-0.5308,-0.4765,0,0.2588,0.2968,0,1]},
{"frame":206,"values":[0.6746,0.7104,0.2008,0,0.2336,-0.4635,0.8548,0,0.7003,-0.5297,-0.4786,0,0.2588,0.2968,0,1]},
{"frame":207,"values":[0.6761,0.7073,0.2064,0,0.231,-0.4695,0.8522,0,0.6996,-0.5286,-0.4808,0,0.2588,0.2968,0,1]},
{"frame":208,"values":[0.6776,0.7044,0.2116,0,0.2287,-0.4752,0.8496,0,0.699,-0.5273,-0.483,0,0.2588,0.2968,0,1]},
{"frame":209,"values":[0.6788,0.7018,0.2161,0,0.2269,-0.4803,0.8472,0,0.6984,-0.5261,-0.4853,0,0.2588,0.2968,0,1]},
{"frame":210,"values":[0.6798,0.6998,0.2196,0,0.2259,-0.4846,0.8451,0,0.6978,-0.5248,-0.4875,0,0.2588,0.2968,0,1]},
{"frame":211,"values":[0.6804,0.6984,0.2219,0,0.2257,-0.4878,0.8433,0,0.6972,-0.5237,-0.4895,0,0.2588,0.2968,0,1]},
{"frame":212,"values":[0.6808,0.6976,0.2233,0,0.2261,-0.4901,0.8418,0,0.6967,-0.5226,-0.4914,0,0.2588,0.2968,0,1]},
{"frame":213,"values":[0.681,0.6972,0.224,0,0.227,-0.4918,0.8406,0,0.6962,-0.5216,-0.4932,0,0.2588,0.2968,0,1]},
{"frame":214,"values":[0.681,0.697,0.2243,0,0.2281,-0.493,0.8396,0,0.6958,-0.5206,-0.4947,0,0.2588,0.2968,0,1]},
{"frame":215,"values":[0.681,0.697,0.2243,0,0.2292,-0.4939,0.8387,0,0.6954,-0.5198,-0.4962,0,0.2588,0.2968,0,1]},
{"frame":216,"values":[0.6811,0.697,0.2244,0,0.2302,-0.4947,0.838,0,0.6951,-0.5191,-0.4974,0,0.2588,0.2968,0,1]},
{"frame":217,"values":[0.6811,0.6968,0.2247,0,0.2309,-0.4956,0.8373,0,0.6948,-0.5184,-0.4985,0,0.2588,0.2968,0,1]},
{"frame":218,"values":[0.6813,0.6964,0.2254,0,0.2311,-0.4968,0.8365,0,0.6946,-0.5179,-0.4994,0,0.2588,0.2968,0,1]},
{"frame":219,"values":[0.6817,0.6956,0.2268,0,0.2305,-0.4984,0.8357,0,0.6944,-0.5174,-0.5001,0,0.2588,0.2968,0,1]},
{"frame":220,"values":[0.6823,0.6942,0.2291,0,0.2291,-0.5007,0.8348,0,0.6942,-0.5171,-0.5007,0,0.2588,0.2968,0,1]},
{"frame":221,"values":[0.6834,0.6918,0.2331,0,0.2262,-0.5042,0.8334,0,0.6941,-0.5169,-0.5011,0,0.2588,0.2968,0,1]},
{"frame":222,"values":[0.685,0.6882,0.239,0,0.2217,-0.5093,0.8315,0,0.694,-0.5166,-0.5015,0,0.2588,0.2968,0,1]},
{"frame":223,"values":[0.6869,0.6837,0.2463,0,0.216,-0.5157,0.8291,0,0.6939,-0.5163,-0.502,0,0.2588,0.2968,0,1]},
{"frame":224,"values":[0.6891,0.6785,0.2546,0,0.2098,-0.5231,0.8261,0,0.6936,-0.5158,-0.5028,0,0.2588,0.2968,0,1]},
{"frame":225,"values":[0.6913,0.6728,0.2634,0,0.2035,-0.5311,0.8225,0,0.6933,-0.515,-0.5041,0,0.2588,0.2968,0,1]},
{"frame":226,"values":[0.6935,0.667,0.2723,0,0.1976,-0.5395,0.8184,0,0.6928,-0.5138,-0.506,0,0.2588,0.2968,0,1]},
{"frame":227,"values":[0.6956,0.6613,0.2807,0,0.1926,-0.5481,0.8139,0,0.6922,-0.512,-0.5087,0,0.2588,0.2968,0,1]},
{"frame":228,"values":[0.6974,0.6561,0.2883,0,0.1891,-0.5566,0.809,0,0.6913,-0.5097,-0.5123,0,0.2588,0.2968,0,1]},
{"frame":229,"values":[0.699,0.6516,0.2946,0,0.1876,-0.5647,0.8037,0,0.6901,-0.5065,-0.517,0,0.2588,0.2968,0,1]},
{"frame":230,"values":[0.7003,0.6482,0.2991,0,0.1886,-0.5721,0.7982,0,0.6885,-0.5025,-0.5229,0,0.2588,0.2968,0,1]},
{"frame":231,"values":[0.7013,0.6456,0.3022,0,0.1931,-0.5802,0.7912,0,0.6862,-0.4966,-0.5316,0,0.2588,0.2968,0,1]},
{"frame":232,"values":[0.7024,0.6433,0.3045,0,0.2013,-0.5899,0.782,0,0.6827,-0.488,-0.5439,0,0.2588,0.2968,0,1]},
{"frame":233,"values":[0.7035,0.6414,0.3061,0,0.2121,-0.6005,0.771,0,0.6783,-0.4775,-0.5585,0,0.2588,0.2968,0,1]},
{"frame":234,"values":[0.7045,0.6398,0.307,0,0.2244,-0.6113,0.7589,0,0.6732,-0.4657,-0.5743,0,0.2588,0.2968,0,1]},
{"frame":235,"values":[0.7055,0.6385,0.3075,0,0.2374,-0.6218,0.7463,0,0.6678,-0.4535,-0.5903,0,0.2588,0.2968,0,1]},
{"frame":236,"values":[0.7063,0.6375,0.3077,0,0.2501,-0.6313,0.7341,0,0.6622,-0.4416,-0.6054,0,0.2588,0.2968,0,1]},
{"frame":237,"values":[0.7071,0.6368,0.3075,0,0.2614,-0.6395,0.723,0,0.6571,-0.4308,-0.6186,0,0.2588,0.2968,0,1]},
{"frame":238,"values":[0.7076,0.6363,0.3073,0,0.2706,-0.6458,0.714,0,0.6527,-0.422,-0.6291,0,0.2588,0.2968,0,1]},
{"frame":239,"values":[0.7079,0.636,0.3071,0,0.2768,-0.6499,0.7079,0,0.6498,-0.4161,-0.6361,0,0.2588,0.2968,0,1]},
{"frame":240,"values":[0.708,0.6359,0.307,0,0.279,-0.6513,0.7056,0,0.6487,-0.414,-0.6386,0,0.2588,0.2968,0,1]},
{"frame":251,"values":[0.7073,0.6378,0.305,0,0.2778,-0.6475,0.7097,0,0.6501,-0.4172,-0.6351,0,0.2588,0.2968,0,1]},
{"frame":252,"values":[0.7052,0.6427,0.2996,0,0.2744,-0.6369,0.7205,0,0.6538,-0.4258,-0.6255,0,0.2588,0.2968,0,1]},
{"frame":253,"values":[0.7021,0.6497,0.2914,0,0.2692,-0.621,0.7361,0,0.6592,-0.4384,-0.611,0,0.2588,0.2968,0,1]},
{"frame":254,"values":[0.6985,0.6581,0.2812,0,0.2628,-0.6013,0.7546,0,0.6657,-0.4532,-0.5929,0,0.2588,0.2968,0,1]},
{"frame":255,"values":[0.6946,0.6669,0.2698,0,0.2555,-0.5792,0.7741,0,0.6725,-0.4688,-0.5727,0,0.2588,0.2968,0,1]},
{"frame":256,"values":[0.6908,0.6754,0.2581,0,0.2479,-0.5566,0.7929,0,0.6792,-0.4838,-0.552,0,0.2588,0.2968,0,1]},
{"frame":257,"values":[0.6875,0.6829,0.2471,0,0.2408,-0.5353,0.8096,0,0.6851,-0.4971,-0.5325,0,0.2588,0.2968,0,1]},
{"frame":258,"values":[0.6848,0.6888,0.2378,0,0.2348,-0.5175,0.8228,0,0.6899,-0.5076,-0.5161,0,0.2588,0.2968,0,1]},
{"frame":259,"values":[0.683,0.6928,0.2315,0,0.2306,-0.5052,0.8316,0,0.693,-0.5146,-0.5049,0,0.2588,0.2968,0,1]},
{"frame":260,"values":[0.6823,0.6942,0.2291,0,0.2291,-0.5007,0.8348,0,0.6942,-0.5171,-0.5007,0,0.2588,0.2968,0,1]}],"loopBehavior":1,"name":"anim","property":"_matrix"}},
{"name":"lowerArm.L","index":4,"matrix":[0.1969,0.2992,0.9336,0,-0.3333,0.916,-0.2233,0,-0.922,-0.2672,0.2801,0,0,0.2911,0,1],"rest":[0.1969,0.2992,0.9336,0,-0.3333,0.916,-0.2233,0,-0.922,-0.2672,0.2801,0,0,0.2911,0,1],"parentBoneIndex":3,"length":0.2842
,"animation":{"dataType":3,"framePerSecond":24,"keys":[
{"frame":0,"values":[0.1969,0.2992,0.9336,0,-0.3333,0.916,-0.2233,0,-0.922,-0.2672,0.2801,0,0,0.2911,0,1]},
{"frame":80,"values":[0.1969,0.2992,0.9336,0,-0.3333,0.916,-0.2233,0,-0.922,-0.2672,0.2801,0,0,0.2911,0,1]},
{"frame":90,"values":[0.1969,0.2992,0.9336,0,-0.3333,0.916,-0.2233,0,-0.922,-0.2672,0.2801,0,0,0.2911,0,1]},
{"frame":170,"values":[0.1969,0.2992,0.9336,0,-0.3333,0.916,-0.2233,0,-0.922,-0.2672,0.2801,0,0,0.2911,0,1]},
{"frame":180,"values":[0.1969,0.2992,0.9336,0,-0.3333,0.916,-0.2233,0,-0.922,-0.2672,0.2801,0,0,0.2911,0,1]},
{"frame":260,"values":[0.1969,0.2992,0.9336,0,-0.3333,0.916,-0.2233,0,-0.922,-0.2672,0.2801,0,0,0.2911,0,1]}],"loopBehavior":1,"name":"anim","property":"_matrix"}},
{"name":"hand.L","index":5,"matrix":[0.9873,-0.0514,-0.1502,0,0.0508,0.9987,-0.0079,0,0.1504,0.0002,0.9886,0,0,0.2842,0,1],"rest":[0.9873,-0.0514,-0.1502,0,0.0508,0.9987,-0.0079,0,0.1504,0.0002,0.9886,0,0,0.2842,0,1],"parentBoneIndex":4,"length":0.072
,"animation":{"dataType":3,"framePerSecond":24,"keys":[
{"frame":0,"values":[0.9873,-0.0514,-0.1502,0,0.0508,0.9987,-0.0079,0,0.1504,0.0002,0.9886,0,0,0.2842,0,1]},
{"frame":80,"values":[0.9873,-0.0514,-0.1502,0,0.0508,0.9987,-0.0079,0,0.1504,0.0002,0.9886,0,0,0.2842,0,1]},
{"frame":90,"values":[0.9873,-0.0514,-0.1502,0,0.0508,0.9987,-0.0079,0,0.1504,0.0002,0.9886,0,0,0.2842,0,1]},
{"frame":170,"values":[0.9873,-0.0514,-0.1502,0,0.0508,0.9987,-0.0079,0,0.1504,0.0002,0.9886,0,0,0.2842,0,1]},
